ID,X8
0,1
1,2
2,3
3,1
4,3
5,3
6,2
7,3
8,1
9,1
10,2
11,3
12,2
13,3
14,2
15,2
16,2
17,2
18,2
19,2
20,2
21,3
22,1
23,3
24,3
25,2
26,3
27,3
28,3
29,1
30,3
31,2
32,1
33,2
34,2
35,2
36,3
37,1
38,2
39,2
40,2
41,1
42,1
43,2
44,1
45,2
46,2
47,2
48,2
49,2
50,3
51,3
52,2
53,2
54,3
55,3
56,2
57,2
58,1
59,3
60,3
61,2
62,1
63,2
64,2
65,3
66,2
67,2
68,2
69,2
70,2
71,3
72,1
73,3
74,1
75,2
76,3
77,1
78,1
79,2
80,2
81,2
82,3
83,2
84,1
85,1
86,2
87,2
88,1
89,2
90,2
91,2
92,2
93,2
94,3
95,3
96,2
97,3
98,2
99,1
100,1
101,3
102,2
103,2
104,3
105,2
106,2
107,1
108,2
109,2
110,1
111,2
112,2
113,3
114,1
115,1
116,3
117,1
118,2
119,1
120,3
121,2
122,2
123,1
124,2
125,2
126,1
127,1
128,2
129,1
130,3
131,3
132,2
133,1
134,1
135,3
136,3
137,2
138,1
139,3
140,3
141,2
142,1
143,1
144,1
145,2
146,2
147,2
148,2
149,1
150,1
151,2
152,2
153,1
154,3
155,2
156,1
157,1
158,2
159,2
160,2
161,2
162,2
163,1
164,1
165,3
166,2
167,2
168,1
169,2
170,2
171,1
172,2
173,1
174,1
175,2
176,2
177,1
178,2
179,2
180,2
181,2
182,2
183,3
184,1
185,2
186,2
187,2
188,2
189,2
190,1
191,2
192,1
193,1
194,2
195,3
196,3
197,1
198,2
199,2
200,1
201,2
202,1
203,1
204,1
205,1
206,2
207,3
208,2
209,2
210,3
211,3
212,1
213,2
214,3
215,3
216,1
217,1
218,2
219,2
220,3
221,2
222,2
223,1
224,2
225,2
226,1
227,1
228,1
229,3
230,1
231,3
232,3
233,3
234,1
235,3
236,1
237,1
238,1
239,2
240,3
241,3
242,2
243,2
244,1
245,2
246,1
247,3
248,2
249,2
250,1
251,2
252,1
253,1
254,3
255,2
256,1
257,1
258,2
259,3
260,3
261,2
262,3
263,1
264,1
265,3
266,1
267,1
268,1
269,2
270,2
271,2
272,3
273,1
274,2
275,1
276,1
277,3
278,2
279,2
280,2
281,2
282,2
283,2
284,3
285,2
286,1
287,1
288,3
289,2
290,2
291,1
292,2
293,1
294,3
295,2
296,2
297,2
298,3
299,2
300,2
301,2
302,2
303,3
304,3
305,2
306,1
307,1
308,3
309,1
310,3
311,3
312,1
313,1
314,3
315,1
316,2
317,2
318,2
319,3
320,3
321,2
322,3
323,1
324,3
325,1
326,3
327,1
328,2
329,2
330,2
331,2
332,3
333,2
334,2
335,1
336,2
337,3
338,2
339,2
340,1
341,3
342,1
343,2
344,2
345,2
346,2
347,1
348,2
349,2
350,2
351,2
352,3
353,3
354,3
355,3
356,1
357,2
358,2
359,2
360,3
361,2
362,3
363,2
364,2
365,3
366,1
367,2
368,1
369,3
370,2
371,3
372,3
373,3
374,2
375,1
376,2
377,2
378,3
379,2
380,1
381,1
382,3
383,2
384,2
385,2
386,3
387,2
388,2
389,2
390,3
391,2
392,1
393,2
394,2
395,1
396,1
397,2
398,3
399,2
400,3
401,3
402,2
403,1
404,3
405,1
406,3
407,2
408,2
409,2
410,1
411,1
412,2
413,1
414,3
415,1
416,3
417,3
418,1
419,3
420,2
421,1
422,3
423,3
424,3
425,1
426,3
427,2
428,2
429,1
430,3
431,1
432,1
433,1
434,2
435,2
436,2
437,2
438,2
439,2
440,2
441,2
442,1
443,2
444,2
445,3
446,1
447,2
448,3
449,3
450,2
451,1
452,3
453,3
454,1
455,2
456,1
457,2
458,3
459,1
460,2
461,2
462,1
463,1
464,1
465,3
466,1
467,1
468,1
469,2
470,1
471,2
472,1
473,2
474,3
475,2
476,2
477,2
478,2
479,2
480,2
481,2
482,1
483,1
484,1
485,1
486,3
487,2
488,1
489,2
490,2
491,3
492,3
493,2
494,3
495,1
496,1
497,2
498,2
499,2
500,2
501,3
502,1
503,1
504,1
505,2
506,2
507,3
508,1
509,1
510,2
511,1
512,3
513,2
514,3
515,2
516,3
517,2
518,1
519,2
520,1
521,2
522,1
523,2
524,1
525,2
526,3
527,1
528,3
529,3
530,2
531,2
532,1
533,1
534,2
535,3
536,1
537,3
538,2
539,1
540,3
541,2
542,1
543,1
544,3
545,3
546,2
547,3
548,2
549,2
550,1
551,2
552,1
553,1
554,2
555,3
556,2
557,1
558,1
559,2
560,2
561,2
562,2
563,2
564,2
565,1
566,1
567,1
568,2
569,3
570,2
571,2
572,3
573,3
574,3
575,1
576,3
577,1
578,2
579,3
580,3
581,3
582,3
583,3
584,2
585,2
586,2
587,1
588,2
589,2
590,1
591,1
592,3
593,3
594,1
595,2
596,3
597,3
598,2
599,1
600,1
601,3
602,2
603,2
604,3
605,2
606,2
607,1
608,1
609,3
610,1
611,3
612,2
613,2
614,2
615,2
616,2
617,3
618,2
619,2
620,2
621,3
622,1
623,3
624,1
625,2
626,3
627,1
628,1
629,1
630,1
631,1
632,1
633,1
634,1
635,2
636,2
637,1
638,2
639,2
640,1
641,3
642,3
643,1
644,3
645,3
646,3
647,3
648,2
649,2
650,1
651,1
652,2
653,2
654,2
655,1
656,1
657,1
658,3
659,2
660,3
661,1
662,1
663,3
664,2
665,3
666,1
667,2
668,1
669,2
670,2
671,1
672,2
673,3
674,2
675,2
676,2
677,1
678,1
679,1
680,2
681,2
682,2
683,1
684,1
685,3
686,2
687,2
688,1
689,3
690,1
691,2
692,1
693,2
694,1
695,1
696,1
697,3
698,2
699,2
700,1
701,2
702,2
703,3
704,1
705,2
706,3
707,3
708,2
709,2
710,2
711,2
712,2
713,3
714,3
715,1
716,2
717,3
718,1
719,3
720,1
721,2
722,1
723,2
724,2
725,2
726,3
727,2
728,2
729,2
730,1
731,3
732,1
733,1
734,2
735,3
736,2
737,2
738,1
739,2
740,1
741,3
742,1
743,2
744,2
745,1
746,2
747,3
748,2
749,2
750,2
751,1
752,1
753,2
754,2
755,2
756,2
757,1
758,1
759,2
760,3
761,1
762,3
763,2
764,3
765,3
766,2
767,2
768,3
769,1
770,2
771,3
772,3
773,3
774,2
775,2
776,1
777,2
778,1
779,3
780,3
781,2
782,2
783,3
784,2
785,2
786,3
787,3
788,2
789,3
790,3
791,2
792,3
793,2
794,3
795,2
796,2
797,2
798,2
799,2
800,2
801,3
802,3
803,2
804,2
805,3
806,3
807,3
808,1
809,1
810,3
811,1
812,1
813,3
814,1
815,3
816,3
817,2
818,3
819,1
820,2
821,2
822,2
823,3
824,3
825,2
826,2
827,2
828,1
829,1
830,2
831,3
832,3
833,3
834,2
835,1
836,2
837,2
838,2
839,3
840,1
841,2
842,3
843,2
844,2
845,1
846,1
847,2
848,2
849,3
850,2
851,2
852,2
853,2
854,2
855,1
856,1
857,3
858,1
859,2
860,1
861,3
862,1
863,1
864,2
865,1
866,1
867,1
868,2
869,1
870,2
871,2
872,1
873,2
874,3
875,2
876,3
877,2
878,2
879,2
880,2
881,2
882,1
883,3
884,1
885,2
886,2
887,2
888,2
889,1
890,3
891,2
892,3
893,2
894,2
895,1
896,1
897,3
898,2
899,1
900,2
901,1
902,1
903,2
904,1
905,1
906,2
907,3
908,3
909,2
910,1
911,2
912,3
913,2
914,2
915,1
916,1
917,2
918,1
919,1
920,1
921,1
922,2
923,3
924,2
925,2
926,2
927,3
928,1
929,2
930,1
931,2
932,3
933,1
934,2
935,2
936,1
937,1
938,2
939,3
940,1
941,3
942,3
943,2
944,2
945,1
946,1
947,3
948,2
949,2
950,1
951,2
952,2
953,1
954,3
955,1
956,3
957,1
958,3
959,1
960,2
961,2
962,3
963,3
964,1
965,3
966,1
967,1
968,2
969,3
970,1
971,3
972,3
973,3
974,2
975,3
976,1
977,3
978,2
979,2
980,3
981,1
982,2
983,1
984,2
985,1
986,2
987,2
988,3
989,2
990,1
991,2
992,3
993,2
994,3
995,3
996,3
997,1
998,3
999,2
1000,2
1001,2
1002,1
1003,2
1004,1
1005,3
1006,2
1007,3
1008,1
1009,3
1010,1
1011,2
1012,2
1013,1
1014,3
1015,2
1016,3
1017,3
1018,3
1019,3
1020,1
1021,3
1022,2
1023,1
1024,1
1025,3
1026,1
1027,2
1028,1
1029,1
1030,2
1031,1
1032,2
1033,2
1034,3
1035,2
1036,2
1037,1
1038,1
1039,3
1040,2
1041,3
1042,3
1043,1
1044,2
1045,1
1046,1
1047,1
1048,2
1049,1
1050,1
1051,3
1052,3
1053,1
1054,2
1055,2
1056,2
1057,1
1058,1
1059,1
1060,3
1061,2
1062,2
1063,1
1064,2
1065,2
1066,3
1067,2
1068,1
1069,2
1070,2
1071,2
1072,3
1073,2
1074,3
1075,2
1076,1
1077,2
1078,1
1079,2
1080,3
1081,2
1082,1
1083,1
1084,1
1085,3
1086,2
1087,2
1088,2
1089,2
1090,2
1091,1
1092,3
1093,2
1094,2
1095,2
1096,1
1097,1
1098,1
1099,2
1100,2
1101,1
1102,2
1103,1
1104,1
1105,2
1106,3
1107,1
1108,1
1109,2
1110,3
1111,2
1112,2
1113,3
1114,2
1115,2
1116,1
1117,1
1118,1
1119,2
1120,2
1121,2
1122,3
1123,2
1124,3
1125,3
1126,3
1127,1
1128,1
1129,2
1130,2
1131,3
1132,2
1133,2
1134,3
1135,2
1136,2
1137,2
1138,1
1139,1
1140,1
1141,2
1142,2
1143,2
1144,2
1145,2
1146,1
1147,3
1148,2
1149,3
1150,2
1151,3
1152,3
1153,2
1154,3
1155,2
1156,3
1157,2
1158,2
1159,2
1160,3
1161,2
1162,2
1163,2
1164,3
1165,1
1166,3
1167,3
1168,1
1169,3
1170,1
1171,3
1172,2
1173,3
1174,3
1175,2
1176,3
1177,1
1178,2
1179,3
1180,2
1181,3
1182,2
1183,2
1184,3
1185,1
1186,1
1187,1
1188,2
1189,2
1190,2
1191,1
1192,3
1193,1
1194,2
1195,1
1196,1
1197,3
1198,1
1199,1
1200,1
1201,1
1202,1
1203,2
1204,3
1205,1
1206,3
1207,3
1208,3
1209,2
1210,3
1211,2
1212,2
1213,2
1214,1
1215,3
1216,1
1217,2
1218,1
1219,2
1220,2
1221,3
1222,2
1223,2
1224,2
1225,3
1226,2
1227,2
1228,2
1229,2
1230,1
1231,2
1232,3
1233,1
1234,2
1235,2
1236,2
1237,3
1238,3
1239,2
1240,2
1241,2
1242,3
1243,2
1244,1
1245,2
1246,1
1247,2
1248,2
1249,1
1250,3
1251,2
1252,2
1253,1
1254,3
1255,3
1256,1
1257,3
1258,1
1259,2
1260,2
1261,2
1262,1
1263,1
1264,2
1265,2
1266,1
1267,2
1268,3
1269,1
1270,1
1271,1
1272,3
1273,1
1274,1
1275,2
1276,3
1277,1
1278,2
1279,1
1280,1
1281,3
1282,1
1283,2
1284,2
1285,3
1286,2
1287,2
1288,2
1289,3
1290,3
1291,3
1292,2
1293,2
1294,3
1295,3
1296,2
1297,2
1298,3
1299,1
1300,1
1301,1
1302,3
1303,2
1304,1
1305,2
1306,3
1307,1
1308,2
1309,1
1310,3
1311,3
1312,1
1313,3
1314,1
1315,1
1316,2
1317,3
1318,1
1319,3
1320,3
1321,1
1322,1
1323,2
1324,2
1325,1
1326,1
1327,3
1328,2
1329,3
1330,3
1331,3
1332,2
1333,1
1334,2
1335,1
1336,3
1337,1
1338,2
1339,1
1340,2
1341,1
1342,1
1343,1
1344,1
1345,2
1346,3
1347,2
1348,2
1349,1
1350,2
1351,3
1352,1
1353,2
1354,3
1355,1
1356,3
1357,1
1358,2
1359,3
1360,1
1361,3
1362,1
1363,3
1364,1
1365,2
1366,2
1367,1
1368,1
1369,3
1370,1
1371,2
1372,1
1373,3
1374,2
1375,3
1376,1
1377,3
1378,2
1379,2
1380,1
1381,3
1382,2
1383,2
1384,2
1385,2
1386,2
1387,3
1388,2
1389,1
1390,3
1391,1
1392,2
1393,2
1394,3
1395,3
1396,2
1397,1
1398,3
1399,2
1400,3
1401,1
1402,2
1403,2
1404,2
1405,2
1406,3
1407,2
1408,1
1409,3
1410,3
1411,2
1412,3
1413,3
1414,3
1415,1
1416,1
1417,3
1418,2
1419,3
1420,3
1421,2
1422,1
1423,1
1424,3
1425,1
1426,1
1427,1
1428,1
1429,1
1430,2
1431,3
1432,2
1433,1
1434,2
1435,2
1436,1
1437,1
1438,2
1439,2
1440,3
1441,1
1442,1
1443,3
1444,1
1445,3
1446,1
1447,1
1448,3
1449,1
1450,2
1451,1
1452,1
1453,2
1454,1
1455,1
1456,1
1457,2
1458,2
1459,2
1460,1
1461,1
1462,3
1463,1
1464,2
1465,1
1466,1
1467,3
1468,3
1469,1
1470,2
1471,2
1472,3
1473,2
1474,2
1475,2
1476,3
1477,2
1478,1
1479,1
1480,2
1481,2
1482,3
1483,1
1484,2
1485,2
1486,3
1487,2
1488,3
1489,2
1490,2
1491,1
1492,2
1493,2
1494,2
1495,2
1496,1
1497,2
1498,1
1499,3
1500,2
1501,2
1502,1
1503,3
1504,2
1505,1
1506,2
1507,2
1508,1
1509,2
1510,2
1511,3
1512,2
1513,1
1514,1
1515,1
1516,3
1517,1
1518,1
1519,2
1520,2
1521,1
1522,3
1523,2
1524,3
1525,3
1526,1
1527,1
1528,1
1529,2
1530,2
1531,3
1532,1
1533,2
1534,1
1535,2
1536,1
1537,2
1538,3
1539,2
1540,2
1541,3
1542,1
1543,3
1544,3
1545,1
1546,3
1547,2
1548,2
1549,3
1550,3
1551,3
1552,3
1553,1
1554,2
1555,1
1556,1
1557,2
1558,2
1559,2
1560,2
1561,1
1562,2
1563,3
1564,1
1565,2
1566,2
1567,2
1568,1
1569,2
1570,1
1571,3
1572,1
1573,1
1574,3
1575,1
1576,1
1577,2
1578,3
1579,1
1580,2
1581,1
1582,2
1583,2
1584,3
1585,1
1586,1
1587,1
1588,1
1589,3
1590,3
1591,3
1592,1
1593,1
1594,3
1595,3
1596,2
1597,2
1598,2
1599,1
1600,2
1601,1
1602,3
1603,2
1604,1
1605,1
1606,3
1607,2
1608,1
1609,2
1610,3
1611,3
1612,1
1613,2
1614,2
1615,3
1616,1
1617,2
1618,1
1619,3
1620,2
1621,3
1622,1
1623,2
1624,1
1625,2
1626,1
1627,1
1628,2
1629,2
1630,2
1631,1
1632,3
1633,2
1634,2
1635,2
1636,2
1637,2
1638,2
1639,2
1640,1
1641,2
1642,1
1643,2
1644,2
1645,2
1646,2
1647,1
1648,2
1649,1
1650,2
1651,1
1652,2
1653,3
1654,3
1655,3
1656,1
1657,1
1658,1
1659,2
1660,2
1661,2
1662,1
1663,1
1664,3
1665,2
1666,2
1667,1
1668,3
1669,1
1670,3
1671,3
1672,3
1673,2
1674,2
1675,1
1676,2
1677,3
1678,2
1679,2
1680,2
1681,3
1682,3
1683,1
1684,1
1685,2
1686,1
1687,1
1688,3
1689,1
1690,3
1691,2
1692,1
1693,3
1694,2
1695,2
1696,3
1697,1
1698,3
1699,3
1700,1
1701,2
1702,1
1703,3
1704,1
1705,1
1706,2
1707,1
1708,2
1709,2
1710,1
1711,3
1712,2
1713,1
1714,3
1715,2
1716,2
1717,2
1718,2
1719,1
1720,1
1721,3
1722,1
1723,2
1724,2
1725,2
1726,2
1727,1
1728,2
1729,1
1730,2
1731,1
1732,3
1733,1
1734,2
1735,2
1736,3
1737,2
1738,2
1739,2
1740,2
1741,1
1742,2
1743,2
1744,1
1745,2
1746,3
1747,2
1748,2
1749,3
1750,3
1751,1
1752,3
1753,2
1754,3
1755,2
1756,2
1757,2
1758,2
1759,3
1760,2
1761,2
1762,3
1763,3
1764,3
1765,1
1766,2
1767,2
1768,1
1769,1
1770,1
1771,2
1772,2
1773,2
1774,2
1775,2
1776,3
1777,1
1778,2
1779,1
1780,2
1781,1
1782,2
1783,1
1784,2
1785,1
1786,2
1787,3
1788,2
1789,1
1790,1
1791,1
1792,1
1793,3
1794,2
1795,3
1796,2
1797,2
1798,2
1799,2
1800,3
1801,2
1802,3
1803,2
1804,3
1805,3
1806,2
1807,1
1808,3
1809,1
1810,3
1811,2
1812,3
1813,3
1814,3
1815,1
1816,3
1817,1
1818,1
1819,2
1820,1
1821,3
1822,2
1823,3
1824,3
1825,3
1826,1
1827,3
1828,1
1829,2
1830,2
1831,2
1832,2
1833,1
1834,3
1835,2
1836,3
1837,2
1838,3
1839,2
1840,1
1841,3
1842,3
1843,2
1844,2
1845,2
1846,1
1847,3
1848,3
1849,1
1850,1
1851,1
1852,2
1853,3
1854,2
1855,1
1856,2
1857,2
1858,2
1859,1
1860,2
1861,2
1862,1
1863,2
1864,2
1865,2
1866,2
1867,1
1868,2
1869,2
1870,1
1871,2
1872,2
1873,2
1874,1
1875,2
1876,3
1877,2
1878,1
1879,3
1880,1
1881,3
1882,2
1883,2
1884,2
1885,1
1886,1
1887,1
1888,1
1889,2
1890,1
1891,1
1892,2
1893,3
1894,3
1895,1
1896,2
1897,2
1898,2
1899,1
1900,1
1901,2
1902,2
1903,3
1904,2
1905,3
1906,2
1907,3
1908,3
1909,2
1910,3
1911,3
1912,2
1913,3
1914,3
1915,3
1916,3
1917,2
1918,2
1919,1
1920,2
1921,1
1922,3
1923,1
1924,2
1925,2
1926,1
1927,2
1928,2
1929,1
1930,1
1931,2
1932,2
1933,1
1934,1
1935,2
1936,3
1937,1
1938,3
1939,1
1940,1
1941,2
1942,3
1943,1
1944,2
1945,1
1946,2
1947,1
1948,2
1949,2
1950,3
1951,2
1952,1
1953,2
1954,3
1955,2
1956,2
1957,2
1958,3
1959,3
1960,2
1961,2
1962,3
1963,2
1964,2
1965,2
1966,2
1967,1
1968,2
1969,2
1970,1
1971,3
1972,2
1973,3
1974,1
1975,2
1976,1
1977,2
1978,2
1979,2
1980,2
1981,1
1982,1
1983,3
1984,3
1985,2
1986,2
1987,1
1988,1
1989,1
1990,1
1991,1
1992,1
1993,2
1994,1
1995,2
1996,2
1997,3
1998,2
1999,3
2000,2
2001,1
2002,1
2003,3
2004,1
2005,3
2006,1
2007,3
2008,2
2009,3
2010,1
2011,2
2012,3
2013,2
2014,1
2015,1
2016,2
2017,2
2018,2
2019,3
2020,2
2021,3
2022,1
2023,1
2024,3
2025,2
2026,2
2027,1
2028,3
2029,2
2030,2
2031,1
2032,2
2033,1
2034,2
2035,1
2036,1
2037,2
2038,2
2039,1
2040,1
2041,3
2042,1
2043,3
2044,2
2045,2
2046,2
2047,2
2048,2
2049,2
2050,3
2051,2
2052,1
2053,3
2054,2
2055,2
2056,3
2057,2
2058,2
2059,2
2060,1
2061,1
2062,1
2063,3
2064,2
2065,2
2066,1
2067,3
2068,2
2069,3
2070,2
2071,2
2072,2
2073,2
2074,2
2075,1
2076,1
2077,2
2078,1
2079,1
2080,3
2081,3
2082,3
2083,1
2084,1
2085,1
2086,2
2087,2
2088,2
2089,2
2090,3
2091,3
2092,3
2093,2
2094,3
2095,1
2096,3
2097,1
2098,1
2099,3
2100,2
2101,2
2102,3
2103,3
2104,2
2105,2
2106,3
2107,1
2108,2
2109,3
2110,1
2111,2
2112,2
2113,2
2114,1
2115,1
2116,1
2117,3
2118,1
2119,3
2120,2
2121,1
2122,3
2123,1
2124,1
2125,3
2126,1
2127,3
2128,2
2129,1
2130,2
2131,2
2132,1
2133,3
2134,1
2135,1
2136,1
2137,3
2138,2
2139,2
2140,2
2141,2
2142,1
2143,2
2144,3
2145,2
2146,1
2147,3
2148,1
2149,1
2150,3
2151,1
2152,1
2153,2
2154,1
2155,3
2156,3
2157,2
2158,3
2159,1
2160,2
2161,1
2162,1
2163,2
2164,1
2165,1
2166,2
2167,3
2168,2
2169,3
2170,3
2171,2
2172,3
2173,2
2174,1
2175,2
2176,3
2177,1
2178,3
2179,1
2180,2
2181,1
2182,2
2183,2
2184,3
2185,3
2186,1
2187,2
2188,2
2189,2
2190,1
2191,1
2192,3
2193,1
2194,2
2195,1
2196,2
2197,2
2198,3
2199,3
2200,3
2201,1
2202,3
2203,1
2204,2
2205,1
2206,1
2207,1
2208,3
2209,2
2210,3
2211,2
2212,1
2213,1
2214,2
2215,2
2216,1
2217,2
2218,1
2219,1
2220,2
2221,2
2222,3
2223,2
2224,3
2225,3
2226,3
2227,2
2228,3
2229,1
2230,2
2231,2
2232,2
2233,1
2234,1
2235,2
2236,2
2237,3
2238,1
2239,1
2240,2
2241,2
2242,1
2243,3
2244,1
2245,2
2246,1
2247,2
2248,1
2249,3
2250,1
2251,1
2252,3
2253,2
2254,2
2255,3
2256,2
2257,3
2258,2
2259,2
2260,1
2261,2
2262,2
2263,2
2264,2
2265,1
2266,1
2267,1
2268,3
2269,2
2270,2
2271,2
2272,1
2273,1
2274,2
2275,2
2276,2
2277,2
2278,2
2279,3
2280,1
2281,2
2282,3
2283,2
2284,1
2285,1
2286,1
2287,2
2288,2
2289,3
2290,1
2291,2
2292,3
2293,2
2294,2
2295,2
2296,2
2297,3
2298,3
2299,3
2300,3
2301,3
2302,3
2303,2
2304,2
2305,3
2306,3
2307,2
2308,2
2309,2
2310,2
2311,2
2312,3
2313,2
2314,2
2315,2
2316,2
2317,2
2318,2
2319,2
2320,2
2321,2
2322,3
2323,1
2324,1
2325,1
2326,1
2327,3
2328,3
2329,1
2330,2
2331,1
2332,3
2333,2
2334,2
2335,2
2336,1
2337,1
2338,2
2339,1
2340,2
2341,3
2342,1
2343,3
2344,1
2345,2
2346,2
2347,1
2348,2
2349,1
2350,2
2351,1
2352,1
2353,3
2354,2
2355,3
2356,1
2357,1
2358,1
2359,1
2360,2
2361,1
2362,3
2363,2
2364,1
2365,2
2366,1
2367,2
2368,1
2369,1
2370,3
2371,3
2372,1
2373,1
2374,2
2375,1
2376,3
2377,3
2378,1
2379,2
2380,2
2381,1
2382,1
2383,2
2384,3
2385,3
2386,3
2387,3
2388,2
2389,3
2390,3
2391,1
2392,3
2393,3
2394,2
2395,1
2396,2
2397,1
2398,2
2399,2
2400,3
2401,2
2402,3
2403,3
2404,1
2405,3
2406,1
2407,2
2408,1
2409,3
2410,3
2411,1
2412,2
2413,3
2414,2
2415,3
2416,2
2417,2
2418,1
2419,3
2420,1
2421,2
2422,3
2423,1
2424,2
2425,2
2426,2
2427,1
2428,3
2429,1
2430,2
2431,3
2432,1
2433,2
2434,2
2435,2
2436,1
2437,2
2438,1
2439,1
2440,1
2441,2
2442,3
2443,3
2444,1
2445,1
2446,2
2447,1
2448,2
2449,1
2450,1
2451,1
2452,3
2453,3
2454,2
2455,2
2456,1
2457,1
2458,2
2459,2
2460,1
2461,1
2462,1
2463,1
2464,3
2465,3
2466,3
2467,1
2468,2
2469,3
2470,1
2471,2
2472,2
2473,3
2474,2
2475,2
2476,3
2477,1
2478,3
2479,2
2480,3
2481,2
2482,3
2483,2
2484,2
2485,1
2486,1
2487,1
2488,1
2489,3
2490,2
2491,2
2492,3
2493,3
2494,3
2495,2
2496,2
2497,1
2498,2
2499,2
2500,2
2501,3
2502,2
2503,1
2504,3
2505,1
2506,2
2507,1
2508,2
2509,2
2510,2
2511,2
2512,3
2513,3
2514,2
2515,3
2516,1
2517,2
2518,3
2519,2
2520,2
2521,2
2522,3
2523,2
2524,2
2525,2
2526,3
2527,3
2528,2
2529,2
2530,2
2531,2
2532,2
2533,2
2534,3
2535,2
2536,3
2537,3
2538,3
2539,3
2540,2
2541,1
2542,2
2543,2
2544,1
2545,3
2546,1
2547,3
2548,2
2549,1
2550,1
2551,3
2552,3
2553,2
2554,1
2555,2
2556,3
2557,3
2558,1
2559,3
2560,2
2561,2
2562,2
2563,2
2564,1
2565,2
2566,1
2567,1
2568,2
2569,3
2570,3
2571,3
2572,1
2573,3
2574,2
2575,3
2576,1
2577,2
2578,3
2579,2
2580,3
2581,1
2582,3
2583,3
2584,2
2585,3
2586,2
2587,1
2588,1
2589,2
2590,3
2591,2
2592,2
2593,2
2594,2
2595,2
2596,3
2597,2
2598,1
2599,2
2600,1
2601,1
2602,3
2603,2
2604,1
2605,1
2606,2
2607,2
2608,3
2609,1
2610,2
2611,1
2612,2
2613,2
2614,1
2615,2
2616,2
2617,2
2618,3
2619,1
2620,3
2621,2
2622,3
2623,2
2624,2
2625,2
2626,1
2627,3
2628,2
2629,2
2630,2
2631,2
2632,3
2633,3
2634,2
2635,3
2636,2
2637,2
2638,1
2639,2
2640,1
2641,2
2642,2
2643,2
2644,3
2645,2
2646,1
2647,2
2648,2
2649,3
2650,1
2651,2
2652,2
2653,3
2654,2
2655,2
2656,2
2657,1
2658,3
2659,2
2660,2
2661,2
2662,3
2663,2
2664,2
2665,1
2666,3
2667,1
2668,3
2669,1
2670,1
2671,2
2672,3
2673,2
2674,2
2675,2
2676,2
2677,3
2678,3
2679,2
2680,2
2681,2
2682,2
2683,2
2684,1
2685,2
2686,3
2687,1
2688,1
2689,2
2690,1
2691,2
2692,2
2693,3
2694,1
2695,2
2696,1
2697,2
2698,3
2699,1
2700,2
2701,2
2702,2
2703,3
2704,2
2705,2
2706,3
2707,1
2708,2
2709,3
2710,2
2711,1
2712,2
2713,2
2714,2
2715,2
2716,2
2717,2
2718,3
2719,2
2720,1
2721,3
2722,2
2723,2
2724,2
2725,1
2726,3
2727,1
2728,2
2729,2
2730,1
2731,1
2732,1
2733,2
2734,1
2735,1
2736,1
2737,1
2738,2
2739,1
2740,1
2741,1
2742,1
2743,3
2744,2
2745,2
2746,2
2747,2
2748,3
2749,3
2750,1
2751,1
2752,3
2753,1
2754,3
2755,2
2756,1
2757,2
2758,3
2759,1
2760,2
2761,2
2762,1
2763,1
2764,1
2765,2
2766,2
2767,3
2768,3
2769,1
2770,2
2771,2
2772,2
2773,1
2774,3
2775,2
2776,3
2777,2
2778,2
2779,1
2780,1
2781,2
2782,2
2783,3
2784,1
2785,3
2786,1
2787,2
2788,2
2789,2
2790,2
2791,1
2792,2
2793,2
2794,1
2795,3
2796,1
2797,3
2798,2
2799,2
2800,3
2801,3
2802,2
2803,3
2804,2
2805,1
2806,2
2807,2
2808,3
2809,1
2810,2
2811,2
2812,1
2813,1
2814,1
2815,2
2816,3
2817,2
2818,2
2819,2
2820,1
2821,2
2822,1
2823,2
2824,1
2825,1
2826,2
2827,3
2828,2
2829,1
2830,2
2831,2
2832,1
2833,1
2834,2
2835,2
2836,3
2837,3
2838,3
2839,3
2840,3
2841,1
2842,3
2843,1
2844,1
2845,1
2846,2
2847,3
2848,2
2849,2
2850,3
2851,1
2852,1
2853,2
2854,2
2855,2
2856,3
2857,3
2858,3
2859,3
2860,1
2861,1
2862,3
2863,3
2864,2
2865,2
2866,2
2867,3
2868,2
2869,1
2870,1
2871,1
2872,1
2873,1
2874,2
2875,1
2876,2
2877,3
2878,1
2879,2
2880,1
2881,1
2882,1
2883,3
2884,3
2885,1
2886,2
2887,2
2888,3
2889,2
2890,2
2891,1
2892,3
2893,1
2894,2
2895,3
2896,1
2897,2
2898,1
2899,2
2900,1
2901,1
2902,2
2903,1
2904,2
2905,3
2906,2
2907,2
2908,2
2909,1
2910,2
2911,1
2912,2
2913,1
2914,3
2915,2
2916,1
2917,3
2918,3
2919,2
2920,1
2921,3
2922,1
2923,3
2924,2
2925,2
2926,2
2927,3
2928,2
2929,2
2930,1
2931,2
2932,2
2933,2
2934,3
2935,3
2936,3
2937,3
2938,3
2939,2
2940,1
2941,2
2942,2
2943,2
2944,2
2945,1
2946,2
2947,2
2948,2
2949,2
2950,1
2951,3
2952,2
2953,2
2954,2
2955,2
2956,3
2957,3
2958,1
2959,2
2960,2
2961,1
2962,2
2963,3
2964,3
2965,3
2966,3
2967,2
2968,2
2969,1
2970,2
2971,2
2972,1
2973,2
2974,2
2975,2
2976,2
2977,2
2978,3
2979,1
2980,3
2981,2
2982,2
2983,1
2984,2
2985,2
2986,2
2987,3
2988,3
2989,2
2990,2
2991,2
2992,3
2993,1
2994,2
2995,2
2996,2
2997,2
2998,2
2999,1
3000,3
3001,3
3002,1
3003,2
3004,1
3005,3
3006,2
3007,1
3008,2
3009,2
3010,2
3011,2
3012,2
3013,2
3014,2
3015,2
3016,2
3017,1
3018,2
3019,2
3020,3
3021,1
3022,1
3023,1
3024,2
3025,2
3026,2
3027,2
3028,2
3029,3
3030,2
3031,2
3032,3
3033,3
3034,1
3035,1
3036,2
3037,3
3038,2
3039,2
3040,1
3041,3
3042,1
3043,1
3044,1
3045,1
3046,1
3047,3
3048,2
3049,2
3050,2
3051,3
3052,2
3053,2
3054,2
3055,2
3056,2
3057,2
3058,1
3059,2
3060,3
3061,3
3062,1
3063,1
3064,1
3065,2
3066,2
3067,2
3068,1
3069,3
3070,3
3071,1
3072,3
3073,2
3074,2
3075,3
3076,2
3077,3
3078,1
3079,3
3080,2
3081,2
3082,2
3083,3
3084,2
3085,1
3086,1
3087,3
3088,1
3089,3
3090,2
3091,2
3092,3
3093,1
3094,2
3095,1
3096,1
3097,1
3098,2
3099,3
3100,1
3101,3
3102,3
3103,1
3104,3
3105,1
3106,2
3107,3
3108,3
3109,2
3110,1
3111,1
3112,2
3113,3
3114,2
3115,2
3116,2
3117,1
3118,2
3119,1
3120,1
3121,2
3122,2
3123,2
3124,2
3125,1
3126,2
3127,3
3128,2
3129,2
3130,1
3131,1
3132,3
3133,2
3134,1
3135,2
3136,3
3137,2
3138,3
3139,2
3140,1
3141,1
3142,1
3143,1
3144,3
3145,2
3146,2
3147,1
3148,1
3149,2
3150,1
3151,2
3152,2
3153,1
3154,2
3155,2
3156,1
3157,3
3158,2
3159,1
3160,1
3161,3
3162,1
3163,2
3164,1
3165,3
3166,1
3167,3
3168,2
3169,3
3170,2
3171,3
3172,2
3173,1
3174,2
3175,1
3176,3
3177,3
3178,1
3179,1
3180,1
3181,3
3182,2
3183,3
3184,3
3185,2
3186,2
3187,3
3188,2
3189,1
3190,3
3191,2
3192,3
3193,2
3194,2
3195,2
3196,1
3197,2
3198,1
3199,2
3200,2
3201,2
3202,2
3203,2
3204,1
3205,1
3206,2
3207,2
3208,3
3209,2
3210,2
3211,1
3212,2
3213,2
3214,3
3215,2
3216,1
3217,2
3218,2
3219,2
3220,2
3221,3
3222,2
3223,1
3224,1
3225,2
3226,1
3227,1
3228,2
3229,2
3230,1
3231,1
3232,3
3233,2
3234,2
3235,3
3236,1
3237,3
3238,1
3239,2
3240,2
3241,2
3242,2
3243,1
3244,2
3245,2
3246,3
3247,3
3248,2
3249,2
3250,2
3251,2
3252,2
3253,3
3254,1
3255,3
3256,1
3257,3
3258,1
3259,2
3260,2
3261,2
3262,2
3263,1
3264,2
3265,1
3266,3
3267,1
3268,3
3269,3
3270,3
3271,1
3272,1
3273,3
3274,3
3275,3
3276,2
3277,2
3278,1
3279,2
3280,1
3281,2
3282,1
3283,3
3284,2
3285,3
3286,2
3287,3
3288,2
3289,3
3290,1
3291,1
3292,2
3293,3
3294,3
3295,1
3296,2
3297,1
3298,1
3299,1
3300,3
3301,2
3302,2
3303,2
3304,2
3305,2
3306,3
3307,3
3308,1
3309,1
3310,1
3311,2
3312,2
3313,3
3314,3
3315,2
3316,2
3317,3
3318,1
3319,3
3320,3
3321,3
3322,1
3323,1
3324,1
3325,1
3326,2
3327,3
3328,3
3329,1
3330,2
3331,2
3332,1
3333,2
3334,3
3335,2
3336,1
3337,1
3338,2
3339,3
3340,2
3341,3
3342,2
3343,1
3344,1
3345,1
3346,3
3347,3
3348,2
3349,2
3350,3
3351,2
3352,2
3353,1
3354,1
3355,3
3356,2
3357,2
3358,3
3359,3
3360,3
3361,1
3362,3
3363,1
3364,2
3365,1
3366,2
3367,3
3368,1
3369,2
3370,1
3371,1
3372,1
3373,1
3374,1
3375,1
3376,1
3377,1
3378,2
3379,3
3380,3
3381,1
3382,2
3383,2
3384,1
3385,3
3386,3
3387,3
3388,2
3389,1
3390,1
3391,2
3392,1
3393,2
3394,2
3395,2
3396,1
3397,2
3398,3
3399,2
3400,3
3401,2
3402,3
3403,2
3404,1
3405,2
3406,2
3407,3
3408,3
3409,2
3410,1
3411,1
3412,1
3413,3
3414,2
3415,2
3416,2
3417,3
3418,1
3419,3
3420,2
3421,2
3422,3
3423,2
3424,2
3425,1
3426,2
3427,1
3428,1
3429,2
3430,3
3431,1
3432,2
3433,1
3434,2
3435,1
3436,3
3437,3
3438,1
3439,2
3440,1
3441,2
3442,2
3443,1
3444,2
3445,3
3446,3
3447,2
3448,3
3449,2
3450,3
3451,2
3452,3
3453,1
3454,2
3455,3
3456,1
3457,3
3458,2
3459,2
3460,1
3461,2
3462,3
3463,2
3464,2
3465,1
3466,1
3467,3
3468,2
3469,2
3470,2
3471,3
3472,2
3473,2
3474,2
3475,2
3476,2
3477,1
3478,3
3479,2
3480,3
3481,2
3482,2
3483,3
3484,3
3485,2
3486,2
3487,2
3488,2
3489,1
3490,1
3491,2
3492,2
3493,1
3494,1
3495,2
3496,2
3497,2
3498,2
3499,2
3500,1
3501,1
3502,2
3503,2
3504,1
3505,3
3506,2
3507,1
3508,3
3509,2
3510,2
3511,1
3512,2
3513,1
3514,3
3515,2
3516,2
3517,1
3518,3
3519,3
3520,2
3521,1
3522,1
3523,2
3524,1
3525,2
3526,3
3527,3
3528,1
3529,1
3530,2
3531,1
3532,3
3533,1
3534,2
3535,3
3536,2
3537,3
3538,2
3539,2
3540,1
3541,3
3542,1
3543,2
3544,3
3545,2
3546,2
3547,2
3548,2
3549,2
3550,2
3551,3
3552,3
3553,2
3554,1
3555,1
3556,3
3557,2
3558,2
3559,3
3560,2
3561,2
3562,2
3563,1
3564,1
3565,2
3566,2
3567,2
3568,2
3569,2
3570,3
3571,2
3572,2
3573,2
3574,3
3575,2
3576,2
3577,2
3578,2
3579,2
3580,2
3581,1
3582,1
3583,2
3584,2
3585,3
3586,2
3587,2
3588,2
3589,1
3590,3
3591,1
3592,1
3593,2
3594,2
3595,2
3596,2
3597,1
3598,2
3599,2
3600,2
3601,1
3602,1
3603,2
3604,1
3605,1
3606,3
3607,2
3608,2
3609,1
3610,1
3611,2
3612,2
3613,3
3614,2
3615,1
3616,2
3617,2
3618,2
3619,1
3620,1
3621,1
3622,2
3623,2
3624,3
3625,3
3626,2
3627,2
3628,1
3629,3
3630,2
3631,1
3632,2
3633,1
3634,1
3635,2
3636,2
3637,2
3638,2
3639,1
3640,1
3641,1
3642,3
3643,1
3644,3
3645,2
3646,2
3647,3
3648,3
3649,3
3650,1
3651,2
3652,2
3653,2
3654,2
3655,3
3656,2
3657,2
3658,2
3659,2
3660,1
3661,3
3662,2
3663,1
3664,2
3665,2
3666,1
3667,2
3668,2
3669,2
3670,3
3671,2
3672,3
3673,3
3674,3
3675,3
3676,2
3677,2
3678,3
3679,3
3680,1
3681,2
3682,2
3683,2
3684,2
3685,2
3686,2
3687,1
3688,2
3689,1
3690,1
3691,3
3692,3
3693,2
3694,1
3695,2
3696,1
3697,2
3698,2
3699,1
3700,2
3701,3
3702,1
3703,2
3704,1
3705,3
3706,3
3707,3
3708,3
3709,1
3710,2
3711,3
3712,2
3713,2
3714,1
3715,3
3716,2
3717,1
3718,2
3719,3
3720,2
3721,3
3722,3
3723,1
3724,2
3725,3
3726,1
3727,2
3728,3
3729,3
3730,2
3731,2
3732,1
3733,3
3734,3
3735,1
3736,3
3737,2
3738,1
3739,2
3740,3
3741,3
3742,2
3743,2
3744,2
3745,2
3746,2
3747,1
3748,2
3749,1
3750,3
3751,3
3752,3
3753,2
3754,1
3755,3
3756,2
3757,2
3758,2
3759,2
3760,2
3761,2
3762,1
3763,2
3764,2
3765,2
3766,3
3767,2
3768,1
3769,1
3770,2
3771,3
3772,1
3773,1
3774,2
3775,3
3776,3
3777,2
3778,2
3779,3
3780,2
3781,2
3782,1
3783,1
3784,1
3785,1
3786,2
3787,2
3788,1
3789,3
3790,2
3791,2
3792,1
3793,1
3794,3
3795,1
3796,1
3797,2
3798,2
3799,2
3800,1
3801,1
3802,2
3803,3
3804,2
3805,3
3806,1
3807,1
3808,2
3809,2
3810,3
3811,1
3812,2
3813,3
3814,3
3815,3
3816,2
3817,2
3818,1
3819,1
3820,1
3821,2
3822,1
3823,2
3824,2
3825,2
3826,1
3827,3
3828,1
3829,2
3830,2
3831,1
3832,1
3833,2
3834,1
3835,1
3836,2
3837,3
3838,2
3839,1
3840,2
3841,1
3842,1
3843,2
3844,3
3845,2
3846,2
3847,2
3848,1
3849,2
3850,3
3851,2
3852,1
3853,2
3854,3
3855,3
3856,3
3857,3
3858,1
3859,3
3860,1
3861,2
3862,2
3863,1
3864,1
3865,3
3866,2
3867,1
3868,3
3869,2
3870,3
3871,1
3872,2
3873,1
3874,3
3875,2
3876,3
3877,1
3878,2
3879,2
3880,3
3881,2
3882,1
3883,2
3884,2
3885,2
3886,3
3887,2
3888,2
3889,2
3890,1
3891,1
3892,3
3893,1
3894,2
3895,2
3896,2
3897,3
3898,2
3899,1
3900,2
3901,2
3902,2
3903,2
3904,2
3905,3
3906,3
3907,2
3908,2
3909,3
3910,2
3911,2
3912,1
3913,3
3914,2
3915,1
3916,1
3917,2
3918,1
3919,2
3920,2
3921,1
3922,2
3923,2
3924,1
3925,2
3926,2
3927,2
3928,2
3929,1
3930,2
3931,3
3932,2
3933,2
3934,1
3935,2
3936,2
3937,1
3938,2
3939,2
3940,3
3941,2
3942,2
3943,3
3944,1
3945,3
3946,3
3947,2
3948,2
3949,3
3950,3
3951,2
3952,3
3953,2
3954,1
3955,2
3956,1
3957,2
3958,3
3959,1
3960,3
3961,3
3962,2
3963,3
3964,3
3965,3
3966,2
3967,3
3968,2
3969,3
3970,3
3971,1
3972,2
3973,1
3974,1
3975,3
3976,1
3977,3
3978,2
3979,2
3980,2
3981,2
3982,1
3983,3
3984,1
3985,2
3986,2
3987,3
3988,2
3989,1
3990,3
3991,1
3992,1
3993,1
3994,3
3995,2
3996,2
3997,2
3998,3
3999,2
4000,3
4001,3
4002,3
4003,2
4004,2
4005,1
4006,2
4007,3
4008,2
4009,2
4010,3
4011,2
4012,2
4013,2
4014,3
4015,3
4016,2
4017,1
4018,1
4019,3
4020,2
4021,3
4022,3
4023,2
4024,2
4025,3
4026,2
4027,2
4028,1
4029,2
4030,3
4031,2
4032,3
4033,1
4034,2
4035,1
4036,3
4037,2
4038,2
4039,2
4040,1
4041,3
4042,2
4043,2
4044,3
4045,1
4046,1
4047,2
4048,2
4049,1
4050,1
4051,3
4052,3
4053,2
4054,1
4055,3
4056,2
4057,2
4058,2
4059,1
4060,1
4061,2
4062,1
4063,1
4064,3
4065,2
4066,3
4067,2
4068,2
4069,3
4070,3
4071,3
4072,1
4073,1
4074,1
4075,1
4076,2
4077,2
4078,2
4079,1
4080,2
4081,2
4082,1
4083,3
4084,3
4085,1
4086,2
4087,3
4088,2
4089,1
4090,2
4091,1
4092,2
4093,3
4094,3
4095,2
4096,2
4097,1
4098,2
4099,3
4100,2
4101,3
4102,1
4103,1
4104,2
4105,2
4106,2
4107,2
4108,1
4109,2
4110,2
4111,1
4112,2
4113,2
4114,1
4115,2
4116,2
4117,1
4118,1
4119,3
4120,1
4121,1
4122,2
4123,3
4124,1
4125,3
4126,2
4127,3
4128,3
4129,3
4130,1
4131,2
4132,1
4133,3
4134,2
4135,3
4136,2
4137,1
4138,2
4139,2
4140,2
4141,2
4142,1
4143,3
4144,2
4145,2
4146,1
4147,2
4148,2
4149,2
4150,2
4151,2
4152,3
4153,3
4154,2
4155,2
4156,1
4157,3
4158,1
4159,3
4160,2
4161,2
4162,2
4163,1
4164,2
4165,1
4166,2
4167,1
4168,2
4169,2
4170,1
4171,1
4172,3
4173,2
4174,3
4175,2
4176,2
4177,2
4178,1
4179,3
4180,2
4181,2
4182,2
4183,1
4184,3
4185,2
4186,3
4187,2
4188,1
4189,2
4190,2
4191,2
4192,1
4193,2
4194,1
4195,1
4196,3
4197,1
4198,2
4199,1
4200,2
4201,1
4202,1
4203,2
4204,2
4205,3
4206,1
4207,1
4208,1
4209,2
4210,3
4211,2
4212,2
4213,1
4214,2
4215,2
4216,2
4217,1
4218,2
4219,2
4220,2
4221,1
4222,3
4223,2
4224,2
4225,3
4226,2
4227,3
4228,1
4229,3
4230,3
4231,2
4232,1
4233,1
4234,1
4235,1
4236,2
4237,2
4238,1
4239,1
4240,2
4241,2
4242,1
4243,3
4244,3
4245,2
4246,1
4247,2
4248,2
4249,1
4250,3
4251,1
4252,3
4253,3
4254,2
4255,2
4256,2
4257,1
4258,3
4259,3
4260,2
4261,1
4262,2
4263,3
4264,2
4265,1
4266,2
4267,3
4268,2
4269,1
4270,2
4271,3
4272,2
4273,3
4274,3
4275,1
4276,2
4277,3
4278,2
4279,1
4280,3
4281,1
4282,3
4283,1
4284,2
4285,2
4286,1
4287,1
4288,2
4289,2
4290,1
4291,1
4292,1
4293,2
4294,1
4295,2
4296,3
4297,2
4298,1
4299,3
4300,2
4301,2
4302,2
4303,2
4304,3
4305,2
4306,1
4307,1
4308,3
4309,3
4310,2
4311,2
4312,3
4313,1
4314,3
4315,1
4316,2
4317,2
4318,1
4319,1
4320,3
4321,2
4322,2
4323,2
4324,2
4325,3
4326,2
4327,1
4328,3
4329,3
4330,2
4331,2
4332,2
4333,3
4334,2
4335,1
4336,2
4337,1
4338,1
4339,1
4340,1
4341,1
4342,3
4343,2
4344,2
4345,1
4346,3
4347,2
4348,2
4349,2
4350,1
4351,1
4352,2
4353,1
4354,2
4355,1
4356,1
4357,3
4358,2
4359,1
4360,3
4361,2
4362,1
4363,2
4364,2
4365,3
4366,1
4367,2
4368,2
4369,2
4370,2
4371,1
4372,2
4373,1
4374,3
4375,2
4376,2
4377,1
4378,2
4379,1
4380,1
4381,2
4382,3
4383,1
4384,3
4385,2
4386,1
4387,3
4388,2
4389,2
4390,1
4391,2
4392,3
4393,3
4394,2
4395,1
4396,2
4397,2
4398,2
4399,2
4400,3
4401,1
4402,2
4403,1
4404,1
4405,2
4406,3
4407,2
4408,3
4409,1
4410,2
4411,1
4412,3
4413,2
4414,2
4415,1
4416,1
4417,3
4418,2
4419,2
4420,3
4421,3
4422,2
4423,3
4424,3
4425,2
4426,2
4427,1
4428,3
4429,2
4430,1
4431,2
4432,2
4433,1
4434,2
4435,2
4436,3
4437,2
4438,2
4439,3
4440,3
4441,2
4442,1
4443,2
4444,1
4445,2
4446,2
4447,1
4448,1
4449,1
4450,3
4451,3
4452,1
4453,1
4454,2
4455,3
4456,3
4457,2
4458,1
4459,1
4460,1
4461,3
4462,3
4463,1
4464,2
4465,3
4466,2
4467,3
4468,1
4469,1
4470,2
4471,1
4472,3
4473,1
4474,1
4475,1
4476,1
4477,2
4478,3
4479,2
4480,2
4481,2
4482,1
4483,2
4484,1
4485,2
4486,1
4487,2
4488,2
4489,2
4490,2
4491,2
4492,1
4493,2
4494,2
4495,3
4496,1
4497,1
4498,2
4499,3
4500,1
4501,3
4502,2
4503,2
4504,1
4505,3
4506,3
4507,2
4508,3
4509,3
4510,2
4511,2
4512,1
4513,2
4514,2
4515,1
4516,3
4517,3
4518,3
4519,2
4520,3
4521,1
4522,3
4523,1
4524,3
4525,1
4526,2
4527,1
4528,1
4529,2
4530,1
4531,1
4532,2
4533,2
4534,3
4535,3
4536,1
4537,1
4538,1
4539,2
4540,1
4541,1
4542,3
4543,1
4544,2
4545,2
4546,3
4547,1
4548,1
4549,2
4550,2
4551,3
4552,1
4553,1
4554,2
4555,3
4556,1
4557,2
4558,2
4559,1
4560,3
4561,2
4562,1
4563,1
4564,2
4565,2
4566,1
4567,2
4568,3
4569,1
4570,2
4571,1
4572,2
4573,2
4574,2
4575,3
4576,2
4577,1
4578,2
4579,3
4580,3
4581,1
4582,1
4583,1
4584,2
4585,2
4586,3
4587,1
4588,2
4589,1
4590,2
4591,2
4592,1
4593,3
4594,2
4595,1
4596,2
4597,3
4598,3
4599,3
4600,3
4601,2
4602,1
4603,3
4604,3
4605,3
4606,2
4607,2
4608,2
4609,3
4610,2
4611,2
4612,1
4613,1
4614,2
4615,1
4616,3
4617,3
4618,3
4619,2
4620,1
4621,3
4622,1
4623,1
4624,3
4625,2
4626,1
4627,2
4628,2
4629,2
4630,3
4631,1
4632,3
4633,2
4634,2
4635,3
4636,3
4637,2
4638,2
4639,2
4640,1
4641,1
4642,3
4643,1
4644,1
4645,2
4646,2
4647,2
4648,3
4649,3
4650,2
4651,2
4652,1
4653,1
4654,2
4655,1
4656,2
4657,1
4658,1
4659,1
4660,3
4661,1
4662,2
4663,3
4664,2
4665,1
4666,3
4667,3
4668,2
4669,1
4670,3
4671,2
4672,2
4673,3
4674,2
4675,3
4676,3
4677,2
4678,3
4679,2
4680,2
4681,2
4682,2
4683,2
4684,1
4685,2
4686,2
4687,1
4688,3
4689,1
4690,2
4691,1
4692,1
4693,1
4694,2
4695,2
4696,2
4697,1
4698,2
4699,2
4700,2
4701,2
4702,2
4703,2
4704,1
4705,2
4706,3
4707,1
4708,2
4709,1
4710,1
4711,2
4712,2
4713,2
4714,3
4715,2
4716,3
4717,3
4718,3
4719,1
4720,3
4721,3
4722,3
4723,3
4724,1
4725,1
4726,1
4727,1
4728,1
4729,2
4730,1
4731,2
4732,1
4733,2
4734,1
4735,3
4736,3
4737,1
4738,1
4739,2
4740,2
4741,1
4742,1
4743,1
4744,1
4745,1
4746,2
4747,2
4748,2
4749,2
4750,3
4751,2
4752,3
4753,2
4754,2
4755,3
4756,3
4757,2
4758,2
4759,3
4760,1
4761,2
4762,2
4763,3
4764,3
4765,3
4766,2
4767,2
4768,1
4769,3
4770,1
4771,2
4772,1
4773,2
4774,2
4775,3
4776,2
4777,3
4778,1
4779,3
4780,2
4781,2
4782,3
4783,3
4784,3
4785,2
4786,3
4787,3
4788,3
4789,2
4790,1
4791,2
4792,2
4793,2
4794,1
4795,2
4796,1
4797,3
4798,2
4799,3
4800,3
4801,1
4802,1
4803,1
4804,3
4805,2
4806,3
4807,1
4808,2
4809,2
4810,2
4811,2
4812,2
4813,2
4814,3
4815,2
4816,2
4817,2
4818,2
4819,1
4820,3
4821,1
4822,2
4823,1
4824,3
4825,1
4826,2
4827,3
4828,1
4829,1
4830,1
4831,1
4832,1
4833,1
4834,1
4835,2
4836,2
4837,3
4838,1
4839,2
4840,2
4841,3
4842,3
4843,3
4844,3
4845,2
4846,3
4847,1
4848,2
4849,1
4850,2
4851,1
4852,2
4853,2
4854,2
4855,2
4856,3
4857,1
4858,1
4859,2
4860,1
4861,1
4862,2
4863,2
4864,1
4865,2
4866,2
4867,2
4868,3
4869,2
4870,2
4871,2
4872,2
4873,3
4874,3
4875,1
4876,2
4877,1
4878,1
4879,2
4880,2
4881,2
4882,2
4883,2
4884,2
4885,1
4886,2
4887,3
4888,2
4889,2
4890,2
4891,3
4892,1
4893,2
4894,1
4895,1
4896,3
4897,3
4898,2
4899,2
4900,2
4901,2
4902,1
4903,2
4904,2
4905,3
4906,3
4907,1
4908,3
4909,1
4910,3
4911,1
4912,1
4913,2
4914,1
4915,2
4916,2
4917,3
4918,2
4919,2
4920,3
4921,2
4922,2
4923,2
4924,1
4925,1
4926,2
4927,3
4928,1
4929,1
4930,2
4931,1
4932,2
4933,1
4934,3
4935,1
4936,1
4937,1
4938,3
4939,2
4940,3
4941,2
4942,2
4943,3
4944,2
4945,3
4946,2
4947,1
4948,3
4949,1
4950,2
4951,2
4952,2
4953,1
4954,2
4955,3
4956,3
4957,3
4958,1
4959,3
4960,2
4961,1
4962,2
4963,1
4964,2
4965,3
4966,1
4967,1
4968,3
4969,3
4970,1
4971,2
4972,3
4973,1
4974,3
4975,1
4976,2
4977,3
4978,2
4979,3
4980,2
4981,2
4982,2
4983,2
4984,3
4985,3
4986,2
4987,1
4988,2
4989,3
4990,1
4991,2
4992,2
4993,2
4994,2
4995,1
4996,2
4997,2
4998,2
4999,2
5000,2
5001,2
5002,1
5003,2
5004,3
5005,3
5006,1
5007,3
5008,1
5009,2
5010,2
5011,1
5012,3
5013,2
5014,2
5015,1
5016,3
5017,3
5018,2
5019,2
5020,2
5021,2
5022,2
5023,1
5024,2
5025,1
5026,2
5027,2
5028,3
5029,2
5030,3
5031,2
5032,2
5033,1
5034,1
5035,2
5036,1
5037,1
5038,1
5039,3
5040,1
5041,3
5042,2
5043,3
5044,3
5045,2
5046,1
5047,3
5048,2
5049,1
5050,2
5051,1
5052,1
5053,2
5054,2
5055,3
5056,3
5057,1
5058,3
5059,1
5060,3
5061,1
5062,3
5063,1
5064,3
5065,1
5066,2
5067,2
5068,2
5069,3
5070,3
5071,2
5072,3
5073,2
5074,2
5075,3
5076,3
5077,1
5078,2
5079,3
5080,3
5081,2
5082,2
5083,1
5084,2
5085,2
5086,3
5087,2
5088,1
5089,2
5090,2
5091,3
5092,2
5093,3
5094,1
5095,2
5096,3
5097,3
5098,1
5099,3
5100,1
5101,1
5102,3
5103,2
5104,3
5105,2
5106,2
5107,2
5108,1
5109,1
5110,2
5111,1
5112,2
5113,2
5114,3
5115,3
5116,3
5117,2
5118,2
5119,3
5120,1
5121,3
5122,1
5123,3
5124,2
5125,2
5126,1
5127,3
5128,2
5129,1
5130,3
5131,1
5132,1
5133,2
5134,3
5135,1
5136,1
5137,3
5138,2
5139,3
5140,2
5141,1
5142,1
5143,2
5144,3
5145,3
5146,2
5147,2
5148,2
5149,3
5150,1
5151,3
5152,1
5153,1
5154,2
5155,2
5156,1
5157,3
5158,2
5159,2
5160,1
5161,3
5162,3
5163,2
5164,3
5165,2
5166,2
5167,2
5168,3
5169,1
5170,1
5171,3
5172,2
5173,3
5174,1
5175,2
5176,2
5177,2
5178,2
5179,3
5180,3
5181,1
5182,1
5183,2
5184,3
5185,3
5186,2
5187,1
5188,2
5189,2
5190,2
5191,1
5192,1
5193,2
5194,2
5195,2
5196,2
5197,2
5198,3
5199,2
5200,2
5201,1
5202,1
5203,3
5204,2
5205,2
5206,3
5207,3
5208,3
5209,3
5210,1
5211,1
5212,1
5213,1
5214,1
5215,2
5216,2
5217,2
5218,1
5219,2
5220,2
5221,2
5222,3
5223,2
5224,2
5225,1
5226,1
5227,2
5228,3
5229,1
5230,2
5231,1
5232,3
5233,3
5234,3
5235,1
5236,3
5237,3
5238,2
5239,2
5240,2
5241,3
5242,2
5243,3
5244,3
5245,1
5246,1
5247,3
5248,3
5249,2
5250,1
5251,1
5252,1
5253,2
5254,2
5255,1
5256,1
5257,2
5258,2
5259,3
5260,3
5261,2
5262,3
5263,2
5264,2
5265,3
5266,2
5267,2
5268,3
5269,1
5270,3
5271,2
5272,2
5273,2
5274,2
5275,1
5276,3
5277,1
5278,3
5279,1
5280,2
5281,1
5282,1
5283,3
5284,1
5285,3
5286,2
5287,2
5288,2
5289,1
5290,2
5291,2
5292,3
5293,2
5294,1
5295,2
5296,1
5297,2
5298,2
5299,2
5300,2
5301,3
5302,1
5303,1
5304,3
5305,1
5306,2
5307,2
5308,2
5309,1
5310,3
5311,1
5312,2
5313,2
5314,3
5315,3
5316,2
5317,2
5318,1
5319,2
5320,3
5321,3
5322,3
5323,1
5324,2
5325,1
5326,2
5327,1
5328,2
5329,1
5330,2
5331,2
5332,1
5333,3
5334,1
5335,1
5336,2
5337,3
5338,2
5339,1
5340,2
5341,2
5342,1
5343,3
5344,1
5345,2
5346,2
5347,2
5348,3
5349,1
5350,1
5351,3
5352,1
5353,1
5354,1
5355,2
5356,2
5357,3
5358,3
5359,2
5360,3
5361,1
5362,1
5363,1
5364,2
5365,3
5366,2
5367,2
5368,2
5369,2
5370,2
5371,2
5372,1
5373,2
5374,1
5375,3
5376,2
5377,2
5378,1
5379,1
5380,3
5381,2
5382,3
5383,2
5384,2
5385,1
5386,2
5387,2
5388,2
5389,3
5390,1
5391,3
5392,1
5393,1
5394,2
5395,2
5396,1
5397,1
5398,1
5399,2
5400,2
5401,2
5402,2
5403,3
5404,1
5405,3
5406,2
5407,1
5408,2
5409,2
5410,1
5411,2
5412,3
5413,3
5414,2
5415,2
5416,1
5417,1
5418,1
5419,2
5420,1
5421,2
5422,3
5423,2
5424,1
5425,2
5426,3
5427,1
5428,2
5429,1
5430,2
5431,1
5432,2
5433,1
5434,1
5435,1
5436,3
5437,2
5438,1
5439,3
5440,2
5441,2
5442,2
5443,2
5444,1
5445,2
5446,2
5447,2
5448,3
5449,2
5450,2
5451,1
5452,3
5453,2
5454,1
5455,2
5456,2
5457,1
5458,3
5459,1
5460,3
5461,2
5462,3
5463,1
5464,2
5465,2
5466,2
5467,2
5468,3
5469,3
5470,2
5471,2
5472,3
5473,3
5474,1
5475,3
5476,2
5477,3
5478,2
5479,1
5480,2
5481,3
5482,2
5483,3
5484,3
5485,1
5486,1
5487,2
5488,3
5489,1
5490,2
5491,2
5492,2
5493,3
5494,1
5495,1
5496,2
5497,1
5498,3
5499,2
5500,2
5501,1
5502,2
5503,2
5504,3
5505,3
5506,2
5507,1
5508,1
5509,3
5510,2
5511,2
5512,2
5513,2
5514,2
5515,2
5516,2
5517,1
5518,1
5519,2
5520,1
5521,2
5522,2
5523,1
5524,1
5525,3
5526,1
5527,1
5528,3
5529,2
5530,2
5531,1
5532,3
5533,2
5534,1
5535,3
5536,2
5537,2
5538,2
5539,3
5540,2
5541,1
5542,2
5543,3
5544,3
5545,2
5546,3
5547,3
5548,1
5549,3
5550,2
5551,2
5552,2
5553,1
5554,2
5555,1
5556,3
5557,1
5558,3
5559,3
5560,2
5561,1
5562,2
5563,3
5564,3
5565,2
5566,2
5567,3
5568,3
5569,2
5570,1
5571,2
5572,2
5573,3
5574,1
5575,2
5576,2
5577,3
5578,2
5579,2
5580,2
5581,3
5582,2
5583,2
5584,2
5585,3
5586,1
5587,1
5588,2
5589,2
5590,1
5591,1
5592,2
5593,2
5594,3
5595,2
5596,1
5597,1
5598,2
5599,1
5600,2
5601,1
5602,2
5603,3
5604,1
5605,3
5606,3
5607,1
5608,3
5609,2
5610,3
5611,2
5612,3
5613,2
5614,2
5615,1
5616,1
5617,1
5618,1
5619,2
5620,2
5621,1
5622,2
5623,2
5624,2
5625,1
5626,2
5627,2
5628,2
5629,1
5630,1
5631,1
5632,2
5633,2
5634,2
5635,1
5636,1
5637,2
5638,1
5639,2
5640,2
5641,2
5642,3
5643,2
5644,3
5645,2
5646,1
5647,1
5648,2
5649,3
5650,3
5651,2
5652,2
5653,2
5654,1
5655,2
5656,2
5657,3
5658,3
5659,2
5660,3
5661,1
5662,3
5663,1
5664,3
5665,1
5666,1
5667,2
5668,2
5669,3
5670,1
5671,2
5672,1
5673,3
5674,2
5675,3
5676,2
5677,1
5678,2
5679,2
5680,1
5681,2
5682,2
5683,3
5684,2
5685,2
5686,2
5687,1
5688,1
5689,2
5690,3
5691,2
5692,2
5693,1
5694,3
5695,3
5696,3
5697,2
5698,1
5699,2
5700,2
5701,2
5702,2
5703,3
5704,2
5705,1
5706,2
5707,1
5708,2
5709,2
5710,2
5711,1
5712,2
5713,3
5714,2
5715,2
5716,3
5717,1
5718,1
5719,2
5720,2
5721,2
5722,1
5723,1
5724,2
5725,1
5726,2
5727,1
5728,2
5729,2
5730,3
5731,2
5732,2
5733,1
5734,2
5735,2
5736,1
5737,1
5738,2
5739,3
5740,3
5741,1
5742,2
5743,2
5744,2
5745,3
5746,3
5747,3
5748,1
5749,3
5750,1
5751,3
5752,3
5753,2
5754,3
5755,3
5756,1
5757,3
5758,2
5759,2
5760,2
5761,2
5762,2
5763,1
5764,2
5765,2
5766,1
5767,2
5768,2
5769,2
5770,1
5771,3
5772,1
5773,3
5774,1
5775,3
5776,1
5777,1
5778,2
5779,2
5780,2
5781,2
5782,2
5783,2
5784,1
5785,2
5786,2
5787,2
5788,2
5789,1
5790,3
5791,1
5792,3
5793,2
5794,2
5795,2
5796,1
5797,3
5798,2
5799,2
5800,2
5801,3
5802,3
5803,2
5804,3
5805,3
5806,2
5807,1
5808,1
5809,2
5810,2
5811,1
5812,3
5813,2
5814,1
5815,1
5816,3
5817,2
5818,3
5819,1
5820,2
5821,3
5822,3
5823,1
5824,2
5825,3
5826,2
5827,2
5828,2
5829,2
5830,2
5831,2
5832,2
5833,1
5834,2
5835,3
5836,1
5837,2
5838,3
5839,2
5840,3
5841,3
5842,1
5843,3
5844,2
5845,2
5846,1
5847,2
5848,2
5849,2
5850,2
5851,1
5852,3
5853,2
5854,2
5855,1
5856,3
5857,1
5858,1
5859,3
5860,2
5861,2
5862,3
5863,3
5864,2
5865,3
5866,1
5867,3
5868,1
5869,3
5870,3
5871,2
5872,3
5873,3
5874,2
5875,2
5876,1
5877,1
5878,2
5879,2
5880,1
5881,3
5882,1
5883,1
5884,2
5885,3
5886,1
5887,2
5888,1
5889,1
5890,2
5891,1
5892,3
5893,1
5894,2
5895,3
5896,1
5897,1
5898,2
5899,1
5900,3
5901,2
5902,2
5903,3
5904,1
5905,3
5906,1
5907,2
5908,1
5909,1
5910,2
5911,1
5912,2
5913,3
5914,2
5915,1
5916,3
5917,2
5918,3
5919,2
5920,1
5921,1
5922,2
5923,3
5924,2
5925,1
5926,1
5927,2
5928,2
5929,1
5930,3
5931,2
5932,1
5933,1
5934,2
5935,3
5936,2
5937,2
5938,2
5939,1
5940,3
5941,3
5942,3
5943,2
5944,1
5945,3
5946,2
5947,3
5948,3
5949,2
5950,1
5951,2
5952,3
5953,3
5954,1
5955,2
5956,1
5957,3
5958,1
5959,2
5960,2
5961,2
5962,2
5963,3
5964,2
5965,1
5966,2
5967,3
5968,2
5969,3
5970,1
5971,2
5972,2
5973,1
5974,1
5975,3
5976,3
5977,1
5978,1
5979,3
5980,1
5981,2
5982,1
5983,3
5984,1
5985,2
5986,1
5987,3
5988,2
5989,3
5990,2
5991,2
5992,3
5993,1
5994,2
5995,2
5996,2
5997,1
5998,2
5999,3
6000,2
6001,1
6002,3
6003,3
6004,2
6005,2
6006,1
6007,2
6008,1
6009,2
6010,1
6011,2
6012,2
6013,1
6014,1
6015,2
6016,2
6017,1
6018,1
6019,2
6020,2
6021,1
6022,2
6023,3
6024,2
6025,3
6026,1
6027,3
6028,2
6029,3
6030,1
6031,2
6032,1
6033,3
6034,2
6035,2
6036,2
6037,1
6038,3
6039,1
6040,2
6041,1
6042,3
6043,2
6044,1
6045,2
6046,1
6047,1
6048,2
6049,3
6050,2
6051,2
6052,1
6053,2
6054,2
6055,2
6056,2
6057,2
6058,2
6059,2
6060,2
6061,1
6062,2
6063,1
6064,2
6065,1
6066,2
6067,3
6068,1
6069,3
6070,1
6071,2
6072,2
6073,3
6074,3
6075,2
6076,1
6077,2
6078,1
6079,3
6080,1
6081,2
6082,2
6083,1
6084,1
6085,1
6086,1
6087,2
6088,1
6089,3
6090,3
6091,2
6092,2
6093,3
6094,2
6095,1
6096,1
6097,2
6098,1
6099,3
6100,2
6101,3
6102,2
6103,1
6104,1
6105,1
6106,2
6107,1
6108,2
6109,3
6110,3
6111,1
6112,3
6113,2
6114,3
6115,1
6116,2
6117,1
6118,1
6119,2
6120,2
6121,3
6122,1
6123,2
6124,1
6125,2
6126,2
6127,3
6128,2
6129,1
6130,1
6131,2
6132,1
6133,1
6134,1
6135,2
6136,1
6137,2
6138,3
6139,2
6140,3
6141,2
6142,3
6143,2
6144,2
6145,1
6146,2
6147,2
6148,1
6149,2
6150,3
6151,3
6152,2
6153,1
6154,2
6155,2
6156,2
6157,3
6158,3
6159,1
6160,2
6161,3
6162,3
6163,3
6164,2
6165,2
6166,3
6167,2
6168,3
6169,1
6170,2
6171,2
6172,1
6173,1
6174,2
6175,2
6176,2
6177,2
6178,2
6179,2
6180,1
6181,1
6182,2
6183,2
6184,3
6185,2
6186,1
6187,2
6188,2
6189,3
6190,2
6191,2
6192,1
6193,1
6194,1
6195,1
6196,1
6197,2
6198,1
6199,3
6200,2
6201,1
6202,3
6203,3
6204,2
6205,2
6206,2
6207,2
6208,3
6209,1
6210,3
6211,1
6212,2
6213,2
6214,3
6215,2
6216,1
6217,1
6218,2
6219,1
6220,2
6221,3
6222,2
6223,3
6224,2
6225,1
6226,2
6227,3
6228,3
6229,3
6230,2
6231,3
6232,3
6233,1
6234,2
6235,3
6236,1
6237,2
6238,3
6239,3
6240,3
6241,3
6242,1
6243,2
6244,1
6245,2
6246,2
6247,3
6248,2
6249,2
6250,3
6251,2
6252,2
6253,1
6254,1
6255,2
6256,2
6257,1
6258,2
6259,1
6260,1
6261,1
6262,2
6263,2
6264,2
6265,2
6266,3
6267,1
6268,2
6269,2
6270,2
6271,1
6272,2
6273,2
6274,2
6275,1
6276,2
6277,3
6278,2
6279,1
6280,3
6281,2
6282,2
6283,2
6284,2
6285,3
6286,1
6287,2
6288,2
6289,2
6290,3
6291,3
6292,3
6293,2
6294,1
6295,2
6296,2
6297,3
6298,2
6299,1
6300,1
6301,2
6302,3
6303,3
6304,2
6305,2
6306,1
6307,1
6308,2
6309,3
6310,3
6311,1
6312,1
6313,3
6314,3
6315,3
6316,2
6317,2
6318,2
6319,2
6320,2
6321,2
6322,2
6323,3
6324,1
6325,3
6326,1
6327,3
6328,3
6329,1
6330,3
6331,2
6332,2
6333,1
6334,2
6335,3
6336,2
6337,3
6338,2
6339,1
6340,2
6341,2
6342,1
6343,1
6344,2
6345,2
6346,2
6347,1
6348,1
6349,3
6350,3
6351,2
6352,3
6353,2
6354,3
6355,2
6356,2
6357,1
6358,2
6359,1
6360,2
6361,1
6362,2
6363,2
6364,3
6365,3
6366,3
6367,2
6368,2
6369,2
6370,2
6371,2
6372,2
6373,1
6374,2
6375,3
6376,3
6377,1
6378,1
6379,1
6380,3
6381,1
6382,2
6383,2
6384,1
6385,2
6386,2
6387,1
6388,2
6389,2
6390,2
6391,3
6392,1
6393,3
6394,2
6395,1
6396,1
6397,1
6398,2
6399,3
6400,2
6401,2
6402,2
6403,2
6404,1
6405,2
6406,3
6407,2
6408,1
6409,2
6410,2
6411,3
6412,2
6413,2
6414,3
6415,3
6416,2
6417,2
6418,2
6419,3
6420,3
6421,2
6422,2
6423,3
6424,3
6425,1
6426,2
6427,2
6428,1
6429,1
6430,3
6431,1
6432,3
6433,2
6434,2
6435,2
6436,2
6437,2
6438,2
6439,3
6440,3
6441,2
6442,3
6443,2
6444,2
6445,2
6446,1
6447,1
6448,2
6449,3
6450,2
6451,1
6452,1
6453,2
6454,2
6455,1
6456,1
6457,2
6458,2
6459,1
6460,1
6461,2
6462,2
6463,1
6464,2
6465,3
6466,3
6467,3
6468,1
6469,1
6470,1
6471,2
6472,1
6473,1
6474,2
6475,2
6476,2
6477,1
6478,2
6479,3
6480,1
6481,2
6482,2
6483,2
6484,2
6485,2
6486,2
6487,2
6488,2
6489,2
6490,1
6491,2
6492,2
6493,3
6494,2
6495,1
6496,1
6497,3
6498,3
6499,3
6500,1
6501,2
6502,1
6503,1
6504,2
6505,2
6506,3
6507,3
6508,3
6509,2
6510,1
6511,3
6512,2
6513,1
6514,2
6515,1
6516,3
6517,1
6518,2
6519,2
6520,1
6521,2
6522,2
6523,3
6524,1
6525,2
6526,3
6527,1
6528,2
6529,3
6530,2
6531,1
6532,3
6533,3
6534,1
6535,1
6536,1
6537,2
6538,1
6539,3
6540,2
6541,3
6542,2
6543,1
6544,3
6545,2
6546,3
6547,2
6548,3
6549,2
6550,2
6551,1
6552,3
6553,3
6554,1
6555,2
6556,1
6557,2
6558,1
6559,3
6560,2
6561,1
6562,3
6563,1
6564,1
6565,1
6566,1
6567,1
6568,3
6569,3
6570,2
6571,3
6572,1
6573,3
6574,1
6575,2
6576,3
6577,2
6578,2
6579,1
6580,3
6581,2
6582,1
6583,1
6584,3
6585,3
6586,2
6587,2
6588,3
6589,2
6590,3
6591,2
6592,3
6593,2
6594,3
6595,3
6596,2
6597,2
6598,3
6599,1
6600,2
6601,1
6602,2
6603,2
6604,1
6605,3
6606,2
6607,1
6608,3
6609,2
6610,3
6611,1
6612,3
6613,2
6614,1
6615,3
6616,1
6617,2
6618,2
6619,3
6620,1
6621,2
6622,2
6623,1
6624,2
6625,1
6626,3
6627,2
6628,1
6629,3
6630,2
6631,2
6632,2
6633,2
6634,1
6635,2
6636,3
6637,1
6638,2
6639,3
6640,2
6641,1
6642,2
6643,1
6644,1
6645,2
6646,2
6647,2
6648,2
6649,3
6650,2
6651,2
6652,3
6653,2
6654,1
6655,1
6656,1
6657,3
6658,2
6659,1
6660,2
6661,1
6662,1
6663,2
6664,2
6665,3
6666,3
6667,1
6668,1
6669,1
6670,1
6671,3
6672,2
6673,1
6674,1
6675,3
6676,1
6677,3
6678,1
6679,3
6680,2
6681,2
6682,1
6683,2
6684,3
6685,3
6686,1
6687,2
6688,1
6689,2
6690,3
6691,2
6692,2
6693,3
6694,2
6695,2
6696,2
6697,3
6698,2
6699,2
6700,3
6701,3
6702,3
6703,1
6704,2
6705,2
6706,1
6707,2
6708,3
6709,2
6710,1
6711,3
6712,2
6713,3
6714,2
6715,3
6716,3
6717,2
6718,3
6719,2
6720,3
6721,3
6722,2
6723,1
6724,2
6725,3
6726,2
6727,2
6728,3
6729,1
6730,1
6731,1
6732,3
6733,1
6734,3
6735,1
6736,1
6737,3
6738,2
6739,3
6740,2
6741,2
6742,2
6743,3
6744,2
6745,1
6746,2
6747,1
6748,2
6749,1
6750,2
6751,2
6752,2
6753,3
6754,3
6755,1
6756,1
6757,2
6758,3
6759,2
6760,1
6761,3
6762,2
6763,2
6764,1
6765,2
6766,2
6767,2
6768,1
6769,3
6770,2
6771,1
6772,2
6773,3
6774,2
6775,3
6776,2
6777,2
6778,1
6779,2
6780,3
6781,3
6782,2
6783,1
6784,2
6785,3
6786,3
6787,2
6788,2
6789,2
6790,2
6791,2
6792,3
6793,2
6794,2
6795,3
6796,1
6797,2
6798,1
6799,1
6800,1
6801,1
6802,2
6803,3
6804,3
6805,3
6806,2
6807,3
6808,2
6809,2
6810,2
6811,2
6812,2
6813,2
6814,1
6815,3
6816,2
6817,2
6818,1
6819,1
6820,2
6821,2
6822,2
6823,1
6824,2
6825,3
6826,1
6827,1
6828,2
6829,2
6830,1
6831,1
6832,1
6833,2
6834,2
6835,2
6836,3
6837,2
6838,1
6839,2
6840,2
6841,2
6842,2
6843,2
6844,1
6845,2
6846,2
6847,2
6848,2
6849,2
6850,1
6851,2
6852,3
6853,2
6854,2
6855,3
6856,1
6857,2
6858,3
6859,2
6860,2
6861,2
6862,1
6863,3
6864,1
6865,2
6866,3
6867,2
6868,3
6869,2
6870,2
6871,2
6872,1
6873,2
6874,3
6875,3
6876,1
6877,2
6878,2
6879,2
6880,1
6881,3
6882,2
6883,3
6884,2
6885,1
6886,2
6887,2
6888,1
6889,3
6890,2
6891,2
6892,3
6893,2
6894,2
6895,1
6896,2
6897,1
6898,3
6899,2
6900,2
6901,2
6902,3
6903,2
6904,2
6905,2
6906,1
6907,3
6908,2
6909,2
6910,3
6911,3
6912,3
6913,1
6914,3
6915,1
6916,1
6917,1
6918,2
6919,1
6920,1
6921,3
6922,2
6923,2
6924,3
6925,1
6926,1
6927,2
6928,2
6929,3
6930,2
6931,2
6932,3
6933,2
6934,2
6935,3
6936,1
6937,2
6938,3
6939,1
6940,1
6941,3
6942,2
6943,2
6944,2
6945,3
6946,2
6947,2
6948,2
6949,2
6950,2
6951,1
6952,3
6953,1
6954,1
6955,2
6956,2
6957,2
6958,1
6959,3
6960,3
6961,1
6962,3
6963,1
6964,2
6965,2
6966,2
6967,2
6968,1
6969,1
6970,1
6971,2
6972,1
6973,1
6974,2
6975,1
6976,2
6977,3
6978,2
6979,1
6980,1
6981,1
6982,2
6983,3
6984,3
6985,2
6986,1
6987,2
6988,3
6989,2
6990,3
6991,1
6992,1
6993,2
6994,3
6995,2
6996,2
6997,1
6998,1
6999,1
7000,3
7001,2
7002,1
7003,2
7004,1
7005,1
7006,1
7007,2
7008,1
7009,1
7010,2
7011,2
7012,1
7013,2
7014,1
7015,1
7016,3
7017,1
7018,1
7019,2
7020,2
7021,1
7022,2
7023,1
7024,2
7025,1
7026,1
7027,2
7028,1
7029,1
7030,1
7031,2
7032,1
7033,3
7034,2
7035,2
7036,1
7037,3
7038,1
7039,2
7040,1
7041,3
7042,2
7043,3
7044,2
7045,1
7046,3
7047,3
7048,2
7049,3
7050,1
7051,1
7052,3
7053,3
7054,2
7055,2
7056,1
7057,3
7058,1
7059,1
7060,3
7061,1
7062,2
7063,2
7064,2
7065,3
7066,1
7067,2
7068,2
7069,3
7070,3
7071,2
7072,3
7073,2
7074,2
7075,2
7076,1
7077,1
7078,3
7079,3
7080,2
7081,2
7082,3
7083,2
7084,1
7085,2
7086,2
7087,2
7088,1
7089,2
7090,2
7091,1
7092,2
7093,1
7094,3
7095,1
7096,2
7097,3
7098,3
7099,3
7100,2
7101,2
7102,2
7103,1
7104,1
7105,3
7106,3
7107,1
7108,3
7109,3
7110,3
7111,1
7112,2
7113,2
7114,1
7115,2
7116,1
7117,2
7118,1
7119,3
7120,2
7121,1
7122,1
7123,3
7124,1
7125,3
7126,1
7127,3
7128,2
7129,2
7130,3
7131,2
7132,1
7133,1
7134,2
7135,1
7136,2
7137,2
7138,3
7139,3
7140,2
7141,1
7142,3
7143,1
7144,3
7145,2
7146,3
7147,2
7148,2
7149,3
7150,1
7151,2
7152,2
7153,1
7154,2
7155,2
7156,2
7157,3
7158,1
7159,2
7160,2
7161,1
7162,1
7163,2
7164,2
7165,2
7166,2
7167,3
7168,1
7169,1
7170,1
7171,2
7172,3
7173,2
7174,3
7175,3
7176,2
7177,1
7178,2
7179,2
7180,2
7181,2
7182,1
7183,2
7184,2
7185,2
7186,2
7187,3
7188,2
7189,3
7190,3
7191,1
7192,1
7193,2
7194,2
7195,3
7196,1
7197,2
7198,1
7199,3
7200,2
7201,2
7202,1
7203,1
7204,2
7205,1
7206,3
7207,3
7208,2
7209,2
7210,2
7211,1
7212,3
7213,1
7214,2
7215,3
7216,3
7217,2
7218,3
7219,2
7220,3
7221,1
7222,2
7223,2
7224,1
7225,2
7226,3
7227,3
7228,1
7229,2
7230,3
7231,1
7232,2
7233,3
7234,2
7235,1
7236,3
7237,1
7238,3
7239,1
7240,3
7241,3
7242,1
7243,2
7244,2
7245,1
7246,2
7247,3
7248,1
7249,3
7250,2
7251,3
7252,2
7253,3
7254,3
7255,1
7256,3
7257,2
7258,3
7259,2
7260,2
7261,2
7262,3
7263,2
7264,2
7265,1
7266,1
7267,2
7268,2
7269,2
7270,1
7271,2
7272,2
7273,3
7274,1
7275,2
7276,1
7277,3
7278,3
7279,1
7280,1
7281,2
7282,3
7283,2
7284,3
7285,2
7286,2
7287,2
7288,2
7289,2
7290,1
7291,1
7292,1
7293,1
7294,3
7295,3
7296,3
7297,2
7298,1
7299,2
7300,1
7301,1
7302,2
7303,1
7304,2
7305,1
7306,3
7307,2
7308,1
7309,1
7310,1
7311,2
7312,3
7313,1
7314,3
7315,2
7316,3
7317,1
7318,2
7319,1
7320,2
7321,3
7322,1
7323,1
7324,2
7325,1
7326,2
7327,1
7328,3
7329,2
7330,3
7331,2
7332,2
7333,2
7334,1
7335,2
7336,2
7337,1
7338,1
7339,3
7340,2
7341,2
7342,2
7343,2
7344,2
7345,1
7346,1
7347,2
7348,2
7349,2
7350,3
7351,1
7352,2
7353,2
7354,3
7355,2
7356,2
7357,1
7358,2
7359,3
7360,2
7361,2
7362,2
7363,1
7364,1
7365,2
7366,2
7367,2
7368,3
7369,2
7370,1
7371,2
7372,2
7373,2
7374,2
7375,2
7376,1
7377,1
7378,2
7379,1
7380,3
7381,2
7382,2
7383,1
7384,2
7385,2
7386,1
7387,3
7388,1
7389,3
7390,1
7391,1
7392,2
7393,1
7394,3
7395,2
7396,3
7397,1
7398,1
7399,3
7400,1
7401,1
7402,3
7403,1
7404,2
7405,2
7406,2
7407,2
7408,2
7409,1
7410,3
7411,1
7412,3
7413,1
7414,1
7415,3
7416,2
7417,3
7418,2
7419,1
7420,2
7421,3
7422,1
7423,1
7424,2
7425,2
7426,2
7427,2
7428,3
7429,1
7430,1
7431,2
7432,2
7433,2
7434,1
7435,2
7436,3
7437,2
7438,2
7439,2
7440,1
7441,1
7442,3
7443,1
7444,2
7445,2
7446,2
7447,3
7448,1
7449,2
7450,1
7451,3
7452,1
7453,2
7454,2
7455,3
7456,3
7457,2
7458,1
7459,2
7460,3
7461,2
7462,2
7463,1
7464,3
7465,1
7466,3
7467,1
7468,2
7469,2
7470,2
7471,2
7472,2
7473,1
7474,2
7475,1
7476,2
7477,2
7478,2
7479,3
7480,2
7481,2
7482,2
7483,2
7484,1
7485,2
7486,1
7487,3
7488,2
7489,1
7490,2
7491,3
7492,2
7493,2
7494,2
7495,2
7496,3
7497,3
7498,3
7499,2
7500,3
7501,2
7502,2
7503,3
7504,1
7505,2
7506,3
7507,3
7508,3
7509,2
7510,3
7511,1
7512,1
7513,3
7514,1
7515,1
7516,2
7517,1
7518,3
7519,1
7520,1
7521,1
7522,2
7523,2
7524,2
7525,1
7526,2
7527,2
7528,2
7529,1
7530,2
7531,1
7532,1
7533,1
7534,3
7535,2
7536,3
7537,1
7538,1
7539,3
7540,1
7541,3
7542,1
7543,1
7544,2
7545,2
7546,1
7547,2
7548,1
7549,3
7550,1
7551,3
7552,2
7553,3
7554,1
7555,2
7556,3
7557,3
7558,2
7559,1
7560,2
7561,1
7562,2
7563,1
7564,2
7565,1
7566,1
7567,3
7568,2
7569,1
7570,1
7571,1
7572,1
7573,3
7574,2
7575,1
7576,2
7577,2
7578,2
7579,3
7580,2
7581,2
7582,1
7583,2
7584,3
7585,2
7586,3
7587,2
7588,3
7589,3
7590,1
7591,1
7592,1
7593,1
7594,1
7595,1
7596,1
7597,2
7598,2
7599,2
7600,1
7601,2
7602,2
7603,3
7604,2
7605,3
7606,1
7607,2
7608,2
7609,1
7610,2
7611,3
7612,2
7613,3
7614,3
7615,1
7616,2
7617,1
7618,2
7619,3
7620,2
7621,2
7622,3
7623,3
7624,2
7625,3
7626,1
7627,3
7628,2
7629,3
7630,1
7631,3
7632,3
7633,2
7634,2
7635,3
7636,2
7637,1
7638,3
7639,2
7640,1
7641,2
7642,3
7643,3
7644,1
7645,2
7646,3
7647,2
7648,2
7649,2
7650,2
7651,1
7652,3
7653,3
7654,2
7655,2
7656,2
7657,2
7658,1
7659,1
7660,2
7661,3
7662,2
7663,2
7664,2
7665,2
7666,3
7667,1
7668,3
7669,2
7670,2
7671,1
7672,1
7673,1
7674,1
7675,1
7676,3
7677,2
7678,2
7679,2
7680,3
7681,2
7682,2
7683,1
7684,2
7685,3
7686,1
7687,1
7688,3
7689,2
7690,2
7691,1
7692,2
7693,2
7694,2
7695,2
7696,2
7697,1
7698,1
7699,1
7700,3
7701,2
7702,3
7703,2
7704,2
7705,2
7706,1
7707,1
7708,2
7709,3
7710,2
7711,2
7712,1
7713,1
7714,3
7715,3
7716,3
7717,2
7718,1
7719,1
7720,1
7721,2
7722,2
7723,3
7724,3
7725,1
7726,2
7727,2
7728,2
7729,3
7730,3
7731,3
7732,2
7733,3
7734,1
7735,2
7736,2
7737,1
7738,1
7739,1
7740,3
7741,2
7742,2
7743,2
7744,2
7745,3
7746,2
7747,2
7748,1
7749,1
7750,3
7751,2
7752,2
7753,3
7754,2
7755,2
7756,2
7757,2
7758,3
7759,2
7760,3
7761,2
7762,2
7763,2
7764,1
7765,2
7766,1
7767,2
7768,3
7769,1
7770,2
7771,2
7772,1
7773,3
7774,2
7775,1
7776,2
7777,2
7778,2
7779,2
7780,3
7781,3
7782,1
7783,3
7784,2
7785,1
7786,2
7787,2
7788,2
7789,1
7790,3
7791,1
7792,2
7793,3
7794,2
7795,3
7796,2
7797,1
7798,2
7799,2
7800,1
7801,2
7802,1
7803,1
7804,1
7805,1
7806,2
7807,2
7808,2
7809,2
7810,2
7811,1
7812,3
7813,2
7814,1
7815,1
7816,3
7817,2
7818,1
7819,2
7820,3
7821,1
7822,1
7823,3
7824,2
7825,2
7826,2
7827,3
7828,1
7829,2
7830,3
7831,1
7832,2
7833,2
7834,3
7835,1
7836,2
7837,1
7838,2
7839,1
7840,2
7841,2
7842,2
7843,3
7844,3
7845,2
7846,3
7847,2
7848,2
7849,3
7850,2
7851,3
7852,2
7853,1
7854,1
7855,2
7856,1
7857,2
7858,1
7859,3
7860,3
7861,3
7862,1
7863,1
7864,2
7865,3
7866,2
7867,3
7868,3
7869,3
7870,3
7871,1
7872,1
7873,3
7874,1
7875,1
7876,2
7877,3
7878,1
7879,3
7880,3
7881,1
7882,3
7883,3
7884,2
7885,2
7886,1
7887,3
7888,1
7889,1
7890,2
7891,1
7892,2
7893,2
7894,1
7895,2
7896,1
7897,2
7898,2
7899,1
7900,1
7901,3
7902,2
7903,1
7904,2
7905,3
7906,3
7907,2
7908,1
7909,2
7910,1
7911,1
7912,2
7913,2
7914,2
7915,2
7916,2
7917,1
7918,2
7919,3
7920,2
7921,2
7922,3
7923,1
7924,2
7925,2
7926,1
7927,2
7928,1
7929,1
7930,3
7931,2
7932,1
7933,3
7934,2
7935,1
7936,1
7937,1
7938,3
7939,2
7940,2
7941,1
7942,2
7943,2
7944,1
7945,2
7946,2
7947,3
7948,2
7949,3
7950,2
7951,1
7952,2
7953,2
7954,1
7955,3
7956,2
7957,2
7958,2
7959,2
7960,2
7961,1
7962,2
7963,1
7964,2
7965,2
7966,3
7967,3
7968,3
7969,1
7970,3
7971,3
7972,2
7973,2
7974,1
7975,1
7976,1
7977,1
7978,3
7979,3
7980,3
7981,2
7982,1
7983,1
7984,2
7985,1
7986,1
7987,2
7988,1
7989,3
7990,3
7991,2
7992,1
7993,3
7994,1
7995,3
7996,2
7997,1
7998,3
7999,1
8000,1
8001,2
8002,1
8003,2
8004,1
8005,1
8006,1
8007,2
8008,1
8009,3
8010,2
8011,2
8012,3
8013,1
8014,1
8015,2
8016,1
8017,3
8018,1
8019,1
8020,2
8021,2
8022,1
8023,2
8024,2
8025,1
8026,2
8027,2
8028,2
8029,2
8030,1
8031,3
8032,1
8033,1
8034,2
8035,2
8036,2
8037,3
8038,2
8039,2
8040,2
8041,1
8042,1
8043,1
8044,2
8045,3
8046,3
8047,2
8048,2
8049,3
8050,3
8051,2
8052,3
8053,2
8054,2
8055,3
8056,1
8057,1
8058,1
8059,2
8060,3
8061,2
8062,1
8063,3
8064,1
8065,3
8066,2
8067,2
8068,1
8069,2
8070,2
8071,2
8072,3
8073,2
8074,2
8075,1
8076,2
8077,3
8078,2
8079,1
8080,1
8081,2
8082,2
8083,3
8084,3
8085,1
8086,2
8087,1
8088,2
8089,2
8090,3
8091,2
8092,1
8093,2
8094,1
8095,2
8096,2
8097,3
8098,2
8099,1
8100,3
8101,3
8102,2
8103,1
8104,1
8105,3
8106,1
8107,2
8108,2
8109,2
8110,2
8111,3
8112,3
8113,2
8114,1
8115,3
8116,2
8117,2
8118,2
8119,3
8120,2
8121,1
8122,2
8123,1
8124,1
8125,3
8126,1
8127,3
8128,2
8129,2
8130,2
8131,1
8132,2
8133,3
8134,2
8135,1
8136,2
8137,3
8138,2
8139,2
8140,3
8141,2
8142,2
8143,3
8144,3
8145,2
8146,2
8147,1
8148,2
8149,2
8150,2
8151,3
8152,3
8153,2
8154,3
8155,2
8156,2
8157,3
8158,1
8159,2
8160,3
8161,1
8162,2
8163,2
8164,2
8165,1
8166,3
8167,2
8168,3
8169,2
8170,1
8171,2
8172,2
8173,3
8174,2
8175,1
8176,1
8177,3
8178,2
8179,2
8180,1
8181,1
8182,2
8183,2
8184,1
8185,2
8186,2
8187,1
8188,2
8189,2
8190,2
8191,2
8192,1
8193,3
8194,3
8195,1
8196,1
8197,2
8198,2
8199,2
8200,3
8201,1
8202,2
8203,2
8204,1
8205,2
8206,2
8207,1
8208,2
8209,2
8210,2
8211,1
8212,1
8213,1
8214,2
8215,3
8216,2
8217,2
8218,2
8219,2
8220,2
8221,2
8222,3
8223,1
8224,1
8225,2
8226,1
8227,2
8228,1
8229,2
8230,2
8231,2
8232,2
8233,3
8234,2
8235,2
8236,3
8237,3
8238,3
8239,1
8240,2
8241,2
8242,1
8243,1
8244,2
8245,3
8246,3
8247,2
8248,2
8249,3
8250,1
8251,1
8252,3
8253,2
8254,3
8255,1
8256,3
8257,1
8258,2
8259,1
8260,2
8261,2
8262,1
8263,3
8264,3
8265,3
8266,1
8267,2
8268,1
8269,2
8270,2
8271,2
8272,3
8273,3
8274,2
8275,1
8276,3
8277,2
8278,1
8279,3
8280,2
8281,3
8282,1
8283,1
8284,2
8285,2
8286,2
8287,2
8288,2
8289,1
8290,2
8291,2
8292,3
8293,1
8294,2
8295,2
8296,2
8297,3
8298,3
8299,1
8300,1
8301,1
8302,2
8303,2
8304,2
8305,1
8306,2
8307,1
8308,3
8309,1
8310,2
8311,3
8312,3
8313,2
8314,3
8315,1
8316,2
8317,1
8318,3
8319,3
8320,1
8321,1
8322,3
8323,1
8324,3
8325,2
8326,3
8327,1
8328,2
8329,1
8330,2
8331,1
8332,2
8333,1
8334,2
8335,2
8336,2
8337,2
8338,1
8339,2
8340,2
8341,1
8342,2
8343,2
8344,2
8345,2
8346,1
8347,1
8348,3
8349,1
8350,2
8351,1
8352,1
8353,3
8354,2
8355,2
8356,1
8357,2
8358,2
8359,1
8360,2
8361,3
8362,3
8363,2
8364,1
8365,3
8366,1
8367,1
8368,3
8369,3
8370,2
8371,2
8372,3
8373,3
8374,2
8375,2
8376,3
8377,2
8378,3
8379,3
8380,2
8381,2
8382,1
8383,2
8384,1
8385,2
8386,2
8387,1
8388,3
8389,1
8390,2
8391,2
8392,2
8393,2
8394,1
8395,3
8396,2
8397,1
8398,2
8399,2
8400,2
8401,1
8402,2
8403,2
8404,1
8405,2
8406,2
8407,3
8408,1
8409,1
8410,3
8411,3
8412,1
8413,1
8414,3
8415,1
8416,2
8417,3
8418,2
8419,3
8420,2
8421,3
8422,2
8423,2
8424,2
8425,2
8426,3
8427,1
8428,2
8429,2
8430,2
8431,1
8432,3
8433,1
8434,3
8435,3
8436,2
8437,2
8438,3
8439,2
8440,2
8441,1
8442,2
8443,1
8444,3
8445,2
8446,3
8447,1
8448,2
8449,3
8450,2
8451,2
8452,2
8453,2
8454,1
8455,1
8456,3
8457,3
8458,2
8459,2
8460,1
8461,1
8462,2
8463,1
8464,1
8465,1
8466,1
8467,2
8468,2
8469,1
8470,3
8471,1
8472,2
8473,1
8474,1
8475,3
8476,2
8477,2
8478,2
8479,2
8480,1
8481,1
8482,1
8483,2
8484,1
8485,3
8486,3
8487,2
8488,2
8489,1
8490,2
8491,2
8492,2
8493,2
8494,2
8495,1
8496,1
8497,2
8498,1
8499,2
8500,2
8501,1
8502,3
8503,3
8504,3
8505,2
8506,2
8507,1
8508,2
8509,1
8510,1
8511,1
8512,1
8513,2
8514,3
8515,2
8516,1
8517,1
8518,1
8519,2
8520,3
8521,1
8522,3
8523,1
8524,1
8525,2
8526,2
8527,3
8528,3
8529,1
8530,2
8531,2
8532,2
8533,1
8534,3
8535,3
8536,1
8537,1
8538,3
8539,2
8540,2
8541,2
8542,3
8543,2
8544,1
8545,2
8546,2
8547,2
8548,2
8549,2
8550,3
8551,2
8552,1
8553,1
8554,1
8555,1
8556,1
8557,2
8558,2
8559,2
8560,1
8561,1
8562,3
8563,1
8564,3
8565,2
8566,2
8567,1
8568,1
8569,1
8570,2
8571,1
8572,3
8573,2
8574,2
8575,2
8576,2
8577,1
8578,2
8579,2
8580,3
8581,2
8582,1
8583,3
8584,3
8585,3
8586,1
8587,2
8588,1
8589,1
8590,2
8591,2
8592,3
8593,2
8594,2
8595,3
8596,2
8597,1
8598,3
8599,2
8600,2
8601,3
8602,1
8603,2
8604,1
8605,1
8606,1
8607,2
8608,1
8609,1
8610,2
8611,2
8612,2
8613,2
8614,1
8615,2
8616,3
8617,1
8618,2
8619,2
8620,1
8621,1
8622,2
8623,2
8624,1
8625,3
8626,3
8627,2
8628,2
8629,1
8630,2
8631,3
8632,3
8633,3
8634,2
8635,2
8636,2
8637,1
8638,2
8639,1
8640,2
8641,2
8642,2
8643,2
8644,3
8645,2
8646,3
8647,2
8648,1
8649,2
8650,3
8651,1
8652,2
8653,2
8654,1
8655,1
8656,2
8657,2
8658,2
8659,2
8660,2
8661,3
8662,2
8663,2
8664,1
8665,2
8666,3
8667,1
8668,1
8669,2
8670,2
8671,2
8672,1
8673,2
8674,2
8675,2
8676,2
8677,3
8678,1
8679,1
8680,2
8681,3
8682,3
8683,2
8684,2
8685,2
8686,3
8687,1
8688,3
8689,3
8690,3
8691,1
8692,2
8693,2
8694,2
8695,3
8696,1
8697,1
8698,2
8699,2
8700,1
8701,1
8702,1
8703,3
8704,3
8705,3
8706,2
8707,2
8708,2
8709,3
8710,2
8711,1
8712,3
8713,2
8714,1
8715,2
8716,1
8717,1
8718,1
8719,2
8720,3
8721,2
8722,2
8723,1
8724,2
8725,2
8726,2
8727,2
8728,1
8729,3
8730,3
8731,3
8732,2
8733,3
8734,2
8735,1
8736,3
8737,1
8738,1
8739,2
8740,1
8741,1
8742,2
8743,3
8744,3
8745,1
8746,2
8747,3
8748,2
8749,2
8750,1
8751,2
8752,2
8753,2
8754,2
8755,1
8756,2
8757,2
8758,1
8759,2
8760,1
8761,1
8762,3
8763,2
8764,2
8765,2
8766,2
8767,3
8768,2
8769,2
8770,1
8771,2
8772,1
8773,2
8774,2
8775,2
8776,2
8777,2
8778,1
8779,1
8780,1
8781,3
8782,1
8783,2
8784,2
8785,1
8786,3
8787,2
8788,3
8789,2
8790,1
8791,2
8792,3
8793,3
8794,2
8795,1
8796,1
8797,3
8798,2
8799,2
8800,3
8801,1
8802,1
8803,2
8804,1
8805,3
8806,2
8807,1
8808,3
8809,1
8810,2
8811,1
8812,2
8813,3
8814,2
8815,1
8816,1
8817,3
8818,1
8819,3
8820,2
8821,3
8822,2
8823,2
8824,1
8825,3
8826,1
8827,2
8828,1
8829,1
8830,1
8831,1
8832,2
8833,3
8834,1
8835,3
8836,1
8837,2
8838,1
8839,2
8840,1
8841,2
8842,1
8843,2
8844,2
8845,2
8846,1
8847,1
8848,2
8849,2
8850,1
8851,2
8852,3
8853,1
8854,1
8855,1
8856,3
8857,2
8858,2
8859,1
8860,3
8861,2
8862,3
8863,1
8864,2
8865,2
8866,2
8867,2
8868,1
8869,1
8870,2
8871,2
8872,3
8873,2
8874,3
8875,1
8876,3
8877,1
8878,2
8879,3
8880,3
8881,1
8882,2
8883,1
8884,2
8885,2
8886,1
8887,2
8888,1
8889,2
8890,3
8891,3
8892,3
8893,2
8894,2
8895,3
8896,1
8897,2
8898,1
8899,2
8900,2
8901,3
8902,3
8903,3
8904,1
8905,2
8906,3
8907,1
8908,2
8909,3
8910,3
8911,3
8912,3
8913,3
8914,1
8915,1
8916,1
8917,1
8918,2
8919,3
8920,3
8921,1
8922,1
8923,1
8924,3
8925,3
8926,2
8927,3
8928,1
8929,3
8930,2
8931,2
8932,2
8933,3
8934,2
8935,3
8936,2
8937,2
8938,2
8939,2
8940,3
8941,2
8942,1
8943,2
8944,1
8945,1
8946,1
8947,3
8948,2
8949,2
8950,1
8951,3
8952,1
8953,2
8954,1
8955,2
8956,1
8957,3
8958,1
8959,2
8960,1
8961,1
8962,3
8963,2
8964,2
8965,2
8966,2
8967,2
8968,3
8969,1
8970,2
8971,2
8972,2
8973,1
8974,2
8975,1
8976,3
8977,1
8978,3
8979,2
8980,2
8981,3
8982,1
8983,3
8984,1
8985,2
8986,1
8987,1
8988,3
8989,3
8990,2
8991,3
8992,2
8993,1
8994,1
8995,2
8996,1
8997,3
8998,2
8999,1
9000,1
9001,2
9002,2
9003,1
9004,3
9005,1
9006,2
9007,1
9008,1
9009,2
9010,1
9011,2
9012,3
9013,2
9014,1
9015,2
9016,3
9017,3
9018,3
9019,2
9020,1
9021,2
9022,1
9023,2
9024,2
9025,2
9026,3
9027,2
9028,1
9029,2
9030,3
9031,2
9032,1
9033,1
9034,2
9035,2
9036,3
9037,2
9038,1
9039,3
9040,2
9041,2
9042,1
9043,3
9044,3
9045,2
9046,2
9047,2
9048,2
9049,2
9050,2
9051,1
9052,3
9053,2
9054,1
9055,1
9056,1
9057,1
9058,2
9059,2
9060,3
9061,2
9062,2
9063,2
9064,2
9065,3
9066,2
9067,1
9068,3
9069,1
9070,3
9071,3
9072,2
9073,1
9074,1
9075,2
9076,3
9077,2
9078,2
9079,2
9080,2
9081,2
9082,3
9083,1
9084,2
9085,3
9086,2
9087,2
9088,2
9089,2
9090,3
9091,3
9092,1
9093,2
9094,2
9095,3
9096,2
9097,1
9098,1
9099,2
9100,1
9101,1
9102,3
9103,2
9104,2
9105,2
9106,1
9107,1
9108,3
9109,1
9110,1
9111,3
9112,1
9113,3
9114,3
9115,2
9116,1
9117,3
9118,3
9119,2
9120,3
9121,3
9122,3
9123,2
9124,2
9125,3
9126,1
9127,1
9128,2
9129,1
9130,1
9131,2
9132,1
9133,1
9134,2
9135,1
9136,1
9137,2
9138,3
9139,3
9140,3
9141,1
9142,3
9143,1
9144,2
9145,2
9146,3
9147,3
9148,2
9149,2
9150,3
9151,1
9152,2
9153,3
9154,3
9155,1
9156,1
9157,2
9158,2
9159,3
9160,2
9161,2
9162,2
9163,3
9164,2
9165,1
9166,2
9167,2
9168,3
9169,1
9170,1
9171,3
9172,1
9173,3
9174,3
9175,2
9176,3
9177,2
9178,3
9179,1
9180,3
9181,2
9182,2
9183,3
9184,3
9185,2
9186,2
9187,1
9188,3
9189,2
9190,2
9191,1
9192,2
9193,2
9194,2
9195,1
9196,1
9197,3
9198,2
9199,2
9200,3
9201,2
9202,1
9203,3
9204,1
9205,1
9206,3
9207,3
9208,2
9209,2
9210,3
9211,2
9212,2
9213,1
9214,1
9215,1
9216,2
9217,3
9218,1
9219,3
9220,1
9221,3
9222,2
9223,2
9224,3
9225,2
9226,1
9227,1
9228,1
9229,1
9230,2
9231,1
9232,3
9233,1
9234,2
9235,2
9236,2
9237,3
9238,2
9239,2
9240,2
9241,3
9242,2
9243,2
9244,3
9245,1
9246,2
9247,2
9248,3
9249,3
9250,1
9251,3
9252,2
9253,3
9254,2
9255,2
9256,1
9257,3
9258,1
9259,3
9260,3
9261,1
9262,2
9263,3
9264,3
9265,3
9266,2
9267,2
9268,2
9269,3
9270,1
9271,2
9272,2
9273,3
9274,2
9275,2
9276,2
9277,2
9278,1
9279,2
9280,2
9281,3
9282,3
9283,1
9284,1
9285,2
9286,2
9287,3
9288,1
9289,1
9290,2
9291,2
9292,1
9293,3
9294,2
9295,2
9296,2
9297,3
9298,2
9299,3
9300,1
9301,3
9302,1
9303,1
9304,3
9305,2
9306,2
9307,1
9308,1
9309,1
9310,2
9311,2
9312,2
9313,3
9314,3
9315,2
9316,1
9317,3
9318,1
9319,1
9320,2
9321,3
9322,2
9323,1
9324,2
9325,2
9326,2
9327,2
9328,2
9329,2
9330,3
9331,1
9332,2
9333,2
9334,1
9335,2
9336,2
9337,2
9338,3
9339,2
9340,1
9341,2
9342,2
9343,2
9344,3
9345,2
9346,1
9347,3
9348,1
9349,1
9350,2
9351,2
9352,1
9353,3
9354,1
9355,2
9356,3
9357,2
9358,1
9359,3
9360,3
9361,1
9362,3
9363,2
9364,2
9365,3
9366,2
9367,1
9368,3
9369,2
9370,2
9371,2
9372,2
9373,1
9374,1
9375,1
9376,2
9377,2
9378,1
9379,3
9380,3
9381,3
9382,3
9383,3
9384,1
9385,2
9386,3
9387,3
9388,3
9389,2
9390,2
9391,1
9392,1
9393,1
9394,1
9395,2
9396,3
9397,3
9398,3
9399,2
9400,2
9401,1
9402,3
9403,2
9404,3
9405,1
9406,2
9407,2
9408,1
9409,3
9410,1
9411,3
9412,1
9413,2
9414,1
9415,1
9416,2
9417,2
9418,2
9419,3
9420,2
9421,1
9422,3
9423,2
9424,2
9425,1
9426,2
9427,2
9428,3
9429,2
9430,2
9431,3
9432,2
9433,2
9434,1
9435,1
9436,1
9437,3
9438,2
9439,3
9440,2
9441,2
9442,2
9443,1
9444,3
9445,3
9446,1
9447,3
9448,1
9449,2
9450,1
9451,3
9452,3
9453,3
9454,2
9455,3
9456,3
9457,2
9458,3
9459,2
9460,3
9461,3
9462,1
9463,1
9464,3
9465,2
9466,3
9467,3
9468,2
9469,2
9470,2
9471,2
9472,2
9473,2
9474,3
9475,3
9476,2
9477,1
9478,2
9479,2
9480,2
9481,2
9482,2
9483,1
9484,2
9485,2
9486,2
9487,2
9488,2
9489,2
9490,1
9491,3
9492,2
9493,2
9494,2
9495,2
9496,3
9497,3
9498,2
9499,2
9500,1
9501,2
9502,2
9503,2
9504,1
9505,2
9506,3
9507,3
9508,3
9509,3
9510,1
9511,2
9512,1
9513,1
9514,3
9515,2
9516,3
9517,2
9518,3
9519,2
9520,3
9521,3
9522,1
9523,3
9524,3
9525,1
9526,3
9527,2
9528,1
9529,1
9530,2
9531,2
9532,3
9533,2
9534,2
9535,1
9536,2
9537,2
9538,2
9539,2
9540,2
9541,2
9542,2
9543,3
9544,3
9545,1
9546,1
9547,2
9548,2
9549,2
9550,3
9551,2
9552,1
9553,1
9554,3
9555,3
9556,2
9557,2
9558,2
9559,1
9560,3
9561,2
9562,1
9563,1
9564,2
9565,3
9566,3
9567,2
9568,1
9569,3
9570,2
9571,2
9572,2
9573,1
9574,1
9575,1
9576,3
9577,3
9578,1
9579,1
9580,2
9581,3
9582,2
9583,3
9584,3
9585,2
9586,2
9587,2
9588,3
9589,2
9590,2
9591,2
9592,2
9593,2
9594,3
9595,1
9596,2
9597,2
9598,2
9599,1
9600,2
9601,2
9602,3
9603,2
9604,2
9605,2
9606,1
9607,1
9608,1
9609,2
9610,2
9611,2
9612,3
9613,1
9614,2
9615,1
9616,1
9617,2
9618,2
9619,1
9620,3
9621,2
9622,2
9623,1
9624,3
9625,1
9626,1
9627,3
9628,1
9629,1
9630,1
9631,2
9632,1
9633,1
9634,2
9635,2
9636,2
9637,3
9638,2
9639,2
9640,2
9641,3
9642,1
9643,3
9644,3
9645,2
9646,2
9647,2
9648,2
9649,2
9650,2
9651,3
9652,3
9653,2
9654,3
9655,3
9656,2
9657,2
9658,2
9659,3
9660,2
9661,2
9662,2
9663,2
9664,2
9665,2
9666,2
9667,3
9668,2
9669,2
9670,1
9671,3
9672,2
9673,2
9674,2
9675,1
9676,1
9677,1
9678,1
9679,2
9680,3
9681,2
9682,1
9683,3
9684,3
9685,2
9686,2
9687,2
9688,2
9689,3
9690,3
9691,1
9692,1
9693,1
9694,3
9695,3
9696,1
9697,2
9698,1
9699,3
9700,2
9701,1
9702,2
9703,1
9704,2
9705,2
9706,3
9707,3
9708,2
9709,1
9710,1
9711,2
9712,2
9713,3
9714,1
9715,1
9716,3
9717,2
9718,1
9719,2
9720,1
9721,2
9722,2
9723,2
9724,3
9725,2
9726,1
9727,3
9728,1
9729,2
9730,2
9731,2
9732,3
9733,1
9734,3
9735,2
9736,3
9737,3
9738,3
9739,2
9740,1
9741,3
9742,1
9743,3
9744,3
9745,2
9746,2
9747,1
9748,2
9749,3
9750,1
9751,1
9752,2
9753,2
9754,2
9755,2
9756,2
9757,3
9758,1
9759,2
9760,2
9761,2
9762,3
9763,2
9764,1
9765,2
9766,1
9767,3
9768,1
9769,1
9770,1
9771,1
9772,2
9773,1
9774,1
9775,3
9776,2
9777,2
9778,2
9779,1
9780,3
9781,3
9782,1
9783,3
9784,1
9785,3
9786,1
9787,1
9788,2
9789,1
9790,1
9791,2
9792,2
9793,2
9794,1
9795,2
9796,2
9797,1
9798,2
9799,1
9800,1
9801,2
9802,3
9803,3
9804,2
9805,3
9806,2
9807,2
9808,2
9809,3
9810,1
9811,2
9812,2
9813,2
9814,2
9815,1
9816,2
9817,2
9818,1
9819,1
9820,3
9821,2
9822,2
9823,3
9824,1
9825,1
9826,2
9827,2
9828,2
9829,3
9830,2
9831,1
9832,3
9833,2
9834,2
9835,1
9836,2
9837,2
9838,3
9839,1
9840,2
9841,1
9842,3
9843,1
9844,2
9845,1
9846,2
9847,2
9848,2
9849,2
9850,3
9851,2
9852,1
9853,2
9854,2
9855,3
9856,2
9857,1
9858,2
9859,1
9860,1
9861,3
9862,3
9863,1
9864,2
9865,1
9866,3
9867,3
9868,1
9869,2
9870,3
9871,3
9872,1
9873,1
9874,1
9875,2
9876,1
9877,2
9878,2
9879,3
9880,1
9881,3
9882,3
9883,2
9884,1
9885,1
9886,2
9887,1
9888,2
9889,2
9890,2
9891,1
9892,2
9893,3
9894,2
9895,1
9896,2
9897,2
9898,2
9899,3
9900,3
9901,2
9902,2
9903,2
9904,2
9905,2
9906,2
9907,1
9908,1
9909,2
9910,3
9911,2
9912,1
9913,2
9914,1
9915,2
9916,3
9917,2
9918,2
9919,1
9920,3
9921,3
9922,1
9923,1
9924,3
9925,1
9926,1
9927,3
9928,2
9929,1
9930,3
9931,3
9932,1
9933,1
9934,3
9935,1
9936,1
9937,2
9938,3
9939,2
9940,1
9941,2
9942,1
9943,3
9944,2
9945,2
9946,1
9947,2
9948,3
9949,3
9950,1
9951,2
9952,3
9953,3
9954,1
9955,2
9956,2
9957,2
9958,3
9959,2
9960,2
9961,3
9962,2
9963,3
9964,2
9965,3
9966,2
9967,3
9968,1
9969,1
9970,1
9971,3
9972,1
9973,2
9974,3
9975,3
9976,2
9977,2
9978,3
9979,3
9980,1
9981,2
9982,2
9983,3
9984,2
9985,2
9986,1
9987,2
9988,1
9989,2
9990,2
9991,3
9992,2
9993,2
9994,1
9995,2
9996,1
9997,2
9998,1
9999,1
